8.22662, 2.02, -0.627972, -0.044735, -0.0302134, 0.840624, 0.538922
8.31879, 2.03351, -0.724551, -0.0391949, -0.0270458, 0.840987, 0.538955
8.39735, 2.15433, -0.607122, -0.0450724, -0.0291749, 0.844286, 0.533197
8.50402, 2.15702, -0.53774, -0.0530229, -0.025347, 0.843913, 0.533251
8.60226, 2.2056, -0.438023, -0.0522311, -0.03339, 0.844177, 0.532468
8.69754, 2.25632, -0.308946, -0.0566126, -0.0395558, 0.844575, 0.530964
8.78582, 2.31373, -0.2456, -0.0618058, -0.0394981, 0.845685, 0.528618
8.89513, 2.27835, -0.311187, -0.0574718, -0.0376654, 0.844419, 0.531257
9.0217, 2.17509, -0.347214, -0.0559795, -0.0341806, 0.841232, 0.536681
9.15978, 2.03324, -0.337116, -0.0526048, -0.0359699, 0.836774, 0.543828
9.27767, 1.99475, -0.31876, -0.0575189, -0.0312664, 0.83582, 0.545087
9.40933, 1.87827, -0.376242, -0.052334, -0.032145, 0.832439, 0.550702
9.53261, 1.77849, -0.388374, -0.0515199, -0.0319139, 0.829446, 0.55529
9.64504, 1.71606, -0.417589, -0.0497566, -0.030791, 0.827613, 0.558241
9.73664, 1.77573, -0.309678, -0.0549076, -0.0315204, 0.828995, 0.55566
9.82401, 1.86411, -0.237513, -0.0572327, -0.0322122, 0.831047, 0.552311
9.93321, 1.85909, -0.161703, -0.0595507, -0.0339064, 0.830291, 0.553101
10.0119, 2.03076, -0.177062, -0.0587092, -0.0337305, 0.834623, 0.546644
10.0761, 2.25261, -0.289002, -0.0577297, -0.0271589, 0.84069, 0.537746
10.1781, 2.27821, -0.454162, -0.0489778, -0.0240749, 0.841445, 0.53758
10.2944, 2.24327, -0.462779, -0.0501395, -0.0205069, 0.840455, 0.539167
10.4207, 2.17522, -0.41582, -0.0507472, -0.0209387, 0.838572, 0.542018
10.5295, 2.1917, -0.420758, -0.048069, -0.0222465, 0.839134, 0.541339
10.6109, 2.33564, -0.377355, -0.0509884, -0.0223001, 0.842866, 0.535239
10.714, 2.35813, -0.334359, -0.0518175, -0.0241898, 0.843252, 0.534468
10.8183, 2.3677, -0.371783, -0.0503125, -0.0226295, 0.843512, 0.53427
10.8922, 2.51093, -0.358849, -0.0475975, -0.0246491, 0.846826, 0.529163
10.9747, 2.63075, -0.229887, -0.0545637, -0.0241836, 0.849196, 0.524694
11.0669, 2.71195, -0.182111, -0.0589362, -0.0219677, 0.850621, 0.522004
11.0983, 3.02167, -0.24884, -0.0540512, -0.0231575, 0.85757, 0.510995
11.1321, 3.28763, -0.285913, -0.0524292, -0.0227494, 0.863387, 0.501295
11.2109, 3.38157, -0.377939, -0.0470163, -0.0219935, 0.865366, 0.498446
11.335, 3.32637, -0.305356, -0.0476875, -0.0241427, 0.863729, 0.501114
11.4596, 3.26803, -0.180086, -0.0500501, -0.0278087, 0.862031, 0.503611
11.5462, 3.34159, -0.115292, -0.0541672, -0.0272354, 0.863442, 0.500792
11.6534, 3.34537, -0.103925, -0.0539578, -0.0282207, 0.863338, 0.500938
11.7741, 3.30316, -0.199635, -0.0524923, -0.0238665, 0.862463, 0.502825
11.8662, 3.34956, -0.390002, -0.046252, -0.0183067, 0.863655, 0.501622
11.9532, 3.42324, -0.325377, -0.0475622, -0.0191993, 0.864787, 0.499513
12.038, 3.5116, -0.198942, -0.0546295, -0.0181753, 0.865944, 0.496817
12.1361, 3.55253, -0.118564, -0.0550771, -0.0216508, 0.866097, 0.496361
12.1868, 3.74787, -0.069703, -0.05643, -0.0234164, 0.8695, 0.49014
12.2726, 3.813, -0.093954, -0.0544666, -0.0240204, 0.870501, 0.488554
12.3695, 3.83442, -0.224619, -0.0468864, -0.0237186, 0.870882, 0.488675
12.4824, 3.80209, -0.139408, -0.0510996, -0.0229476, 0.869892, 0.490051
12.6217, 3.68481, -0.0898821, -0.0520802, -0.0233397, 0.867404, 0.49432
12.7285, 3.67898, -0.0691728, -0.055931, -0.0203348, 0.867231, 0.494337
12.8313, 3.6748, 0.0432073, -0.0581414, -0.0242514, 0.866851, 0.494571
12.9486, 3.61646, 0.0931041, -0.0624317, -0.0224371, 0.865479, 0.496532
13.0383, 3.66078, -0.0682094, -0.0586018, -0.017276, 0.866585, 0.495276
13.1091, 3.76132, 0.000331224, -0.058823, -0.0194322, 0.868216, 0.492303
13.1828, 3.85781, 0.0666844, -0.0628334, -0.0178055, 0.869605, 0.489411
13.2439, 3.98744, 0.230006, -0.066889, -0.0218495, 0.871316, 0.485651
13.2286, 4.33385, 0.450411, -0.0719163, -0.0286765, 0.876797, 0.474587
13.2252, 4.63404, 0.476567, -0.0718055, -0.0302806, 0.881869, 0.46501
13.2172, 4.94889, 0.292133, -0.0662374, -0.026396, 0.887635, 0.454995
13.257, 5.1003, 0.330198, -0.0668068, -0.0267438, 0.890013, 0.45022
13.2596, 5.35183, 0.294367, -0.0655924, -0.0253902, 0.894304, 0.441898
13.1849, 5.78641, 0.0894955, -0.0664349, -0.0153493, 0.901747, 0.426852
13.0287, 6.34653, 0.0497178, -0.0713881, -0.0104963, 0.910476, 0.407219
12.9916, 6.61396, 0.235771, -0.0790498, -0.0127475, 0.913867, 0.398039
12.951, 6.89509, -0.0209345, -0.0724374, -0.00704304, 0.918592, 0.388449
12.8073, 7.33914, -0.126276, -0.0671308, -0.00686287, 0.925299, 0.373186
12.7141, 7.67683, -0.137508, -0.0688011, -0.0047452, 0.929798, 0.361552
12.6783, 7.9116, -0.12429, -0.0640495, -0.0089199, 0.932925, 0.354217
12.4876, 8.37196, 0.141965, -0.0661221, -0.0193796, 0.938425, 0.338543
12.2417, 8.88522, 0.133345, -0.0710716, -0.0164981, 0.944647, 0.319872
12.1558, 9.15747, -0.0400907, -0.0632836, -0.0150971, 0.948281, 0.310693
12.0617, 9.42656, -0.376159, -0.0536922, -0.00810065, 0.951979, 0.301309
12.0727, 9.5555, -0.503387, -0.053306, -0.00258754, 0.953319, 0.29721
12.1812, 9.56772, -0.367404, -0.0542371, -0.00644276, 0.952936, 0.298212
12.1793, 9.72166, -0.346874, -0.0636643, -0.000749991, 0.954093, 0.292665
12.2697, 9.75416, -0.528758, -0.0504621, -0.00284045, 0.954754, 0.293072
12.3803, 9.74969, -0.766273, -0.047954, 0.00466098, 0.954616, 0.293916
12.473, 9.77363, -0.778899, -0.0451269, 0.00337547, 0.95462, 0.294368
12.5017, 9.89398, -0.464592, -0.0530294, -0.0026703, 0.955132, 0.291384
12.556, 9.97447, -0.381231, -0.0612194, 0.00052829, 0.955231, 0.289459
12.6065, 10.0622, -0.172212, -0.0624912, -0.00614178, 0.955541, 0.288095
12.6217, 10.189, 0.0324382, -0.0623261, -0.0141141, 0.956347, 0.28516
12.6576, 10.2866, 0.103452, -0.0624505, -0.0167458, 0.956948, 0.282965
12.7644, 10.2992, -0.134974, -0.0543609, -0.0131692, 0.957217, 0.283915
12.9425, 10.2157, -0.150106, -0.0568464, -0.0100123, 0.955861, 0.288093
13.3179, 9.86763, 0.0317708, -0.0599811, -0.013014, 0.951356, 0.30192
13.5922, 9.6362, 0.102945, -0.0608996, -0.013969, 0.948382, 0.310913
13.8388, 9.42432, 0.260559, -0.0614432, -0.018907, 0.945578, 0.318982
14.1162, 9.14991, 0.399835, -0.0630261, -0.0223104, 0.942008, 0.328864
14.3303, 8.97918, 0.242957, -0.0620217, -0.0166241, 0.940005, 0.335063
14.5026, 8.85838, 0.215788, -0.0610459, -0.0155973, 0.938452, 0.339615
14.6681, 8.74382, 0.280584, -0.0621556, -0.0160183, 0.936777, 0.343989
14.8714, 8.57454, 0.257839, -0.0651332, -0.011513, 0.934401, 0.350027
15.074, 8.39675, 0.388212, -0.0655934, -0.0152057, 0.931832, 0.356589
15.1906, 8.38326, 0.329519, -0.0688643, -0.0100776, 0.931257, 0.357655
15.3672, 8.2578, 0.161654, -0.0660037, -0.00573844, 0.929752, 0.362176
15.6398, 7.93396, 0.03236, -0.0588982, -0.00606566, 0.926036, 0.372762
15.9115, 7.58114, 0.0629915, -0.0581146, -0.00661233, 0.921563, 0.383798
16.1989, 7.16066, 0.240231, -0.0598507, -0.01032, 0.916047, 0.396446
16.3991, 6.91108, 0.41072, -0.0626553, -0.0132903, 0.912611, 0.403781
16.5156, 6.85953, 0.48512, -0.0625494, -0.0160453, 0.911797, 0.405532
16.6085, 6.85409, 0.593664, -0.066426, -0.0164949, 0.911346, 0.405912
16.7062, 6.85618, 0.531971, -0.0679076, -0.0124968, 0.911189, 0.406161
16.7074, 7.09686, 0.310794, -0.0637131, -0.00790858, 0.914275, 0.399974
16.6965, 7.34555, 0.217892, -0.0618422, -0.00588872, 0.917134, 0.393708
16.7027, 7.52783, 0.451499, -0.0682038, -0.00844587, 0.918494, 0.389416
16.5941, 7.92991, 0.800838, -0.0743151, -0.016253, 0.922187, 0.379188
16.4885, 8.30886, 1.03031, -0.0795034, -0.020652, 0.925622, 0.369428
16.5171, 8.43262, 1.09643, -0.0787874, -0.0236557, 0.926619, 0.366893
16.5462, 8.60045, 0.810321, -0.0722675, -0.0189945, 0.928676, 0.363286
16.6661, 8.56854, 0.714981, -0.0721021, -0.0148991, 0.928033, 0.365149
16.8658, 8.38719, 0.577915, -0.067659, -0.0128575, 0.926001, 0.371187
16.9849, 8.35365, 0.589421, -0.0688134, -0.0115381, 0.92524, 0.37291
17.1231, 8.28131, 0.626045, -0.0650942, -0.0158409, 0.924256, 0.37585
17.3365, 8.06052, 0.485717, -0.0630778, -0.012251, 0.921687, 0.382577
17.4974, 7.9385, 0.340542, -0.0628766, -0.00683659, 0.920126, 0.386482
17.5711, 7.98905, 0.39481, -0.0647572, -0.00652839, 0.920243, 0.385898
17.669, 7.99256, 0.449961, -0.0653204, -0.00707478, 0.919853, 0.386723
17.7446, 8.05703, 0.477896, -0.0680232, -0.00484086, 0.919993, 0.385956
17.7968, 8.16646, 0.569596, -0.0656668, -0.0100575, 0.920815, 0.3843
17.8049, 8.35526, 0.775575, -0.0658596, -0.0172117, 0.922289, 0.38046
17.9323, 8.31829, 0.70369, -0.0623189, -0.0177172, 0.921707, 0.382439
18.1595, 8.07396, 0.489184, -0.0573622, -0.0142763, 0.919064, 0.389651
18.453, 7.63831, 0.47952, -0.057471, -0.0126436, 0.914022, 0.401374
18.7681, 7.10279, 0.558873, -0.0549524, -0.016615, 0.907876, 0.415289
19.0342, 6.63144, 0.817764, -0.0572532, -0.0225364, 0.9021, 0.427118
19.3639, 5.93744, 0.879225, -0.0554054, -0.0259928, 0.893975, 0.443918
19.6897, 5.12511, 0.97491, -0.0577744, -0.0262104, 0.884146, 0.462884
19.9953, 4.22047, 1.04483, -0.0577692, -0.0278912, 0.87306, 0.483375
20.1996, 3.57287, 1.26404, -0.0607374, -0.0315416, 0.864648, 0.497695
20.3787, 2.89476, 1.54858, -0.0630304, -0.0384145, 0.855596, 0.512355
20.5247, 2.37426, 1.71833, -0.0664842, -0.0397203, 0.848427, 0.523616
20.6631, 1.83665, 1.83642, -0.0681918, -0.0416268, 0.841017, 0.535077
20.7993, 1.31554, 1.79734, -0.0663382, -0.0420165, 0.83403, 0.546103
20.954, 0.568798, 1.47719, -0.0582072, -0.03961, 0.824393, 0.561621
21.0561, -0.327363, 1.42572, -0.0559931, -0.0397601, 0.812102, 0.579461
21.12, -1.44489, 1.2049, -0.0490129, -0.0398921, 0.796596, 0.6012
21.1406, -2.34207, 1.1697, -0.0480243, -0.0393443, 0.783626, 0.618122
21.1516, -3.08705, 1.01612, -0.0453322, -0.0369187, 0.772727, 0.632041
21.0959, -3.98575, 0.93547, -0.0459615, -0.032386, 0.759139, 0.648496
20.9727, -4.97718, 0.888269, -0.0432387, -0.0351363, 0.743568, 0.666335
20.8758, -5.7188, 0.665701, -0.0383128, -0.033221, 0.731753, 0.679681
20.8019, -6.25731, 0.677389, -0.0374978, -0.0347674, 0.722741, 0.689224
20.7386, -6.68103, 0.924092, -0.0436394, -0.0345528, 0.715273, 0.696624
20.6845, -7.03118, 1.20198, -0.0483697, -0.039194, 0.708738, 0.70272
20.6562, -7.21056, 1.73058, -0.0605819, -0.0419696, 0.704675, 0.705692
20.531, -7.73285, 1.85249, -0.0620838, -0.0456157, 0.695197, 0.714679
20.3732, -8.43016, 1.39787, -0.0519905, -0.0431679, 0.68326, 0.727042
20.1295, -9.17864, 1.37211, -0.0520698, -0.0414228, 0.669501, 0.739826
19.8444, -9.94975, 1.36975, -0.0529915, -0.0388729, 0.654946, 0.752812
19.5745, -10.6382, 1.34648, -0.0502268, -0.0442526, 0.641608, 0.764106
19.3606, -11.1585, 1.50188, -0.0520214, -0.0497562, 0.631078, 0.772372
19.0562, -11.8308, 1.38965, -0.0499393, -0.0494136, 0.617518, 0.783413
18.7917, -12.3978, 1.22428, -0.0483402, -0.043736, 0.605861, 0.792895
18.6336, -12.7783, 1.02211, -0.0445809, -0.0406938, 0.597924, 0.799277
18.5882, -12.965, 1.00831, -0.0437614, -0.0409648, 0.593833, 0.802352
18.6155, -13.0224, 1.20072, -0.0482993, -0.0394859, 0.592275, 0.803317
18.7163, -12.9893, 1.21954, -0.0465599, -0.0450505, 0.592686, 0.802824
18.9889, -12.6949, 1.30239, -0.0481097, -0.0455417, 0.598653, 0.798264
19.1987, -12.5051, 1.20283, -0.0445765, -0.0483814, 0.602509, 0.795396
19.3574, -12.4041, 0.959815, -0.039521, -0.0460775, 0.604678, 0.794153
19.4107, -12.4483, 0.900455, -0.0387373, -0.0434864, 0.603759, 0.795037
19.3964, -12.5993, 0.885931, -0.0384467, -0.0423605, 0.600667, 0.79745
19.3721, -12.7738, 0.852104, -0.0373319, -0.0425416, 0.597155, 0.800127
19.3535, -12.9244, 0.993412, -0.0406026, -0.0425249, 0.594049, 0.802277
19.1718, -13.3099, 1.08126, -0.0406172, -0.049234, 0.585885, 0.807877
18.9922, -13.673, 1.14595, -0.0403144, -0.0550877, 0.578059, 0.813135
18.8748, -13.966, 0.88916, -0.03507, -0.0537315, 0.571928, 0.81779
18.8167, -14.1597, 0.712872, -0.0319438, -0.0506098, 0.567818, 0.820976
18.7848, -14.2935, 0.787834, -0.0343216, -0.0475419, 0.564782, 0.823154
18.7502, -14.4159, 0.981407, -0.0377434, -0.0496399, 0.561688, 0.824995
18.6675, -14.6101, 0.999856, -0.0377061, -0.0516571, 0.557035, 0.828023
18.685, -14.6822, 0.887967, -0.0345067, -0.0541428, 0.555185, 0.829245
18.6451, -14.8234, 0.826806, -0.033514, -0.0531695, 0.551934, 0.831516
18.602, -14.9691, 0.733507, -0.0320037, -0.0512099, 0.548624, 0.833885
18.4482, -15.247, 0.741341, -0.0326415, -0.0493968, 0.542324, 0.838081
18.3657, -15.4508, 0.599881, -0.0285603, -0.051909, 0.537668, 0.841072
18.2651, -15.6521, 0.89501, -0.0361286, -0.0483977, 0.53316, 0.843856
18.1068, -15.9265, 1.02631, -0.0377245, -0.0535594, 0.52674, 0.847498
18.0032, -16.1284, 1.16629, -0.0402164, -0.0561652, 0.522024, 0.850129
18.0645, -16.1569, 1.07573, -0.0387531, -0.0541164, 0.521607, 0.850585
18.1628, -16.15, 0.851684, -0.0352791, -0.0488439, 0.522118, 0.850742
18.36, -16.0141, 0.750306, -0.033353, -0.0463718, 0.525383, 0.848946
18.5012, -15.9137, 0.970003, -0.0382064, -0.0444159, 0.527465, 0.847554
18.4733, -16.0109, 1.09261, -0.0397543, -0.0471915, 0.524782, 0.848997
18.4489, -16.0759, 1.45285, -0.0465845, -0.0499489, 0.522476, 0.849914
18.3719, -16.2058, 1.6653, -0.0516268, -0.0487338, 0.518734, 0.851983
17.8878, -16.8159, 1.53528, -0.0501172, -0.0461115, 0.504009, 0.861009
17.2626, -17.5456, 1.17986, -0.0443813, -0.0415944, 0.485963, 0.87186
16.3228, -18.4911, 0.948884, -0.0394666, -0.0439274, 0.460875, 0.885498
15.409, -19.3213, 0.737112, -0.0349755, -0.046669, 0.437176, 0.897483
14.5255, -20.0438, 0.746718, -0.0352988, -0.04944, 0.414952, 0.907813
13.493, -20.7915, 0.89515, -0.0380742, -0.0570358, 0.389956, 0.918276
12.0029, -21.7392, 0.528144, -0.0316432, -0.0631304, 0.355097, 0.932158
10.4739, -22.5474, 0.400974, -0.0309556, -0.0646157, 0.320762, 0.944446
9.01556, -23.195, 0.171182, -0.02894, -0.0551691, 0.28886, 0.955342
7.67953, -23.6874, 0.00112341, -0.0268833, -0.0522526, 0.259789, 0.963876
6.49789, -24.0456, 0.0302795, -0.028486, -0.048761, 0.234323, 0.970517
5.44101, -24.3091, -0.041013, -0.0278383, -0.0490716, 0.211295, 0.975793
4.53875, -24.4937, -0.178802, -0.0260126, -0.0488936, 0.191389, 0.979951
3.83981, -24.6117, -0.445937, -0.0215012, -0.0496244, 0.175531, 0.982987
2.85258, -24.7423, -0.61463, -0.0191959, -0.0522058, 0.153945, 0.986512
1.82576, -24.8329, -0.798999, -0.0159418, -0.0425639, 0.132121, 0.990191
0.815472, -24.8841, -0.793685, -0.0168724, -0.0442998, 0.110268, 0.992771
-0.12991, -24.8891, -1.06515, -0.0124287, -0.0484269, 0.0892704, 0.994752
-1.0805, -24.8657, -1.14728, -0.0121708, -0.0534507, 0.0681632, 0.996167
-1.95642, -24.8057, -1.3422, -0.0102155, -0.0606872, 0.0482345, 0.996938
-2.91659, -24.7049, -1.42941, -0.0105236, -0.0657312, 0.0267548, 0.997423
-3.79849, -24.5752, -1.48045, -0.0102487, -0.0631633, 0.0072541, 0.997924
-4.55887, -24.4274, -1.62206, -0.00741872, -0.0588465, -0.00984093, 0.998191
-5.06475, -24.3098, -1.64509, -0.00674991, -0.0562388, -0.0217482, 0.998158
-5.51438, -24.1998, -1.4219, -0.0116025, -0.0563871, -0.0324572, 0.997814
-5.89878, -24.0758, -1.49699, -0.0113723, -0.0611167, -0.0424574, 0.997162
-6.22662, -23.9606, -1.54408, -0.0116594, -0.0646017, -0.0511882, 0.996529
-6.55124, -23.8375, -1.66572, -0.00947358, -0.0637286, -0.0596723, 0.996137
-7.16302, -23.6309, -1.662, -0.00958635, -0.0600441, -0.0739292, 0.995408
-7.88153, -23.3624, -1.75226, -0.0085574, -0.0603171, -0.0909298, 0.993992
-8.80368, -22.9847, -1.92279, -0.00558413, -0.0589842, -0.112597, 0.991873
-9.59948, -22.6055, -2.22887, 0.000137464, -0.0588018, -0.132134, 0.989486
-10.3867, -22.2291, -2.13981, -0.00328989, -0.0604406, -0.151327, 0.986629
-11.2324, -21.7384, -2.53984, 0.00160829, -0.0674706, -0.173251, 0.982563
-12.0861, -21.2203, -2.67693, 0.00216968, -0.0703386, -0.194969, 0.978282
-13.0037, -20.64, -2.55649, 0.000858914, -0.0627114, -0.217419, 0.974061
-13.6561, -20.1575, -2.61733, 0.00319165, -0.0580222, -0.234553, 0.970365
-14.1327, -19.7759, -2.56419, 0.0035905, -0.0531562, -0.247492, 0.967424
-14.4965, -19.4468, -2.55093, 0.00150865, -0.0570545, -0.258527, 0.964316
-14.8426, -19.0965, -2.67352, 0.0037072, -0.0573436, -0.269302, 0.96134
-15.175, -18.7368, -2.83501, 0.00380654, -0.0639456, -0.280392, 0.957746
-15.66, -18.2102, -3.14593, 0.00809321, -0.068084, -0.295757, 0.9528
-16.4295, -17.4169, -3.26299, 0.011236, -0.0640732, -0.318155, 0.945804
-17.234, -16.5349, -3.23656, 0.0105655, -0.0616868, -0.342253, 0.937521
-18.1692, -15.4398, -3.02043, 0.00832407, -0.0537907, -0.370606, 0.927194
-18.9487, -14.3179, -3.2369, 0.0161037, -0.0475643, -0.397281, 0.916322
-19.6489, -13.1452, -3.53866, 0.0194919, -0.0526559, -0.424521, 0.903676
-20.2233, -12.0397, -3.77509, 0.02129, -0.0573717, -0.449168, 0.891349
-20.8313, -10.7635, -3.88225, 0.0214909, -0.0591786, -0.476467, 0.876935
-21.3701, -9.54148, -3.69757, 0.0167647, -0.0575188, -0.501784, 0.862916
-21.8921, -8.18958, -3.38562, 0.0134869, -0.0494108, -0.5283, 0.847511
-22.1845, -7.13164, -3.35652, 0.0144667, -0.0466636, -0.548134, 0.834963
-22.3928, -6.15129, -3.36752, 0.0136019, -0.0477403, -0.566144, 0.82281
-22.5456, -5.16867, -3.43733, 0.0133058, -0.0498626, -0.583714, 0.810317
-22.5724, -4.41765, -3.76366, 0.0152362, -0.0575328, -0.596856, 0.800138
-22.6022, -3.66806, -3.92379, 0.0183074, -0.0585703, -0.609565, 0.790357
-22.658, -2.59461, -4.00492, 0.0205877, -0.0579369, -0.62766, 0.776055
-22.7037, -1.41558, -3.8791, 0.023034, -0.0511625, -0.646982, 0.760438
-22.6817, -0.228537, -3.7718, 0.0217734, -0.0489536, -0.666458, 0.743615
-22.5914, 0.808095, -3.72807, 0.0235308, -0.0461502, -0.683025, 0.728556
-22.4444, 1.77256, -3.76785, 0.0228656, -0.0477726, -0.698543, 0.713606
-22.2254, 2.72671, -3.99883, 0.0270547, -0.0506066, -0.713438, 0.698365
-21.9523, 3.85941, -4.12537, 0.0309293, -0.0508554, -0.730794, 0.679998
-21.6588, 4.94892, -4.08876, 0.028924, -0.0512909, -0.747597, 0.661537
-21.4054, 5.92162, -3.67153, 0.0233558, -0.0439175, -0.762372, 0.645224
-21.1405, 6.63155, -3.52809, 0.0230156, -0.0406652, -0.772849, 0.632867
-20.8494, 7.28201, -3.51791, 0.0241799, -0.0400691, -0.782287, 0.621157
-20.5432, 7.90782, -3.51953, 0.0270987, -0.0386258, -0.791114, 0.609846
-20.2337, 8.34727, -3.86903, 0.0311251, -0.045503, -0.79732, 0.601034
-19.9788, 8.72244, -4.00088, 0.0365833, -0.0458514, -0.802285, 0.594052
-19.6546, 9.30034, -3.93808, 0.036666, -0.044403, -0.810565, 0.582811
-19.375, 9.83628, -3.62088, 0.0345773, -0.0377206, -0.818217, 0.572628
-19.0387, 10.3932, -3.40277, 0.0302834, -0.0349552, -0.826449, 0.561109
-18.7467, 10.8194, -3.2003, 0.0290284, -0.0309155, -0.832609, 0.552236
-18.4454, 11.1726, -3.22349, 0.0309681, -0.0309187, -0.83771, 0.54436
-18.0701, 11.6159, -3.28797, 0.0392098, -0.0288491, -0.843681, 0.534633
-17.7059, 12.0085, -3.41207, 0.0397703, -0.0319692, -0.849544, 0.525045
-17.4234, 12.2844, -3.47132, 0.0367296, -0.035078, -0.853928, 0.517907
-17.2265, 12.49, -3.30372, 0.0352098, -0.0318384, -0.856983, 0.513153
-17.1251, 12.5321, -3.2452, 0.0359476, -0.0304771, -0.857531, 0.512268
-17.0594, 12.4996, -3.29945, 0.0341751, -0.0330345, -0.857194, 0.512796
-16.9737, 12.509, -3.30314, 0.0357769, -0.0327465, -0.857122, 0.512825
-17.013, 12.2852, -3.55523, 0.0397508, -0.0373814, -0.85354, 0.518161
-17.1121, 12.0282, -3.61134, 0.042678, -0.0373197, -0.849344, 0.524786
-17.0683, 12.0275, -3.45531, 0.0402308, -0.0344223, -0.849316, 0.525222
-17.023, 12.0364, -3.25337, 0.0361576, -0.0312175, -0.849538, 0.525361
-16.851, 12.2081, -3.07375, 0.0321687, -0.028783, -0.852293, 0.52128
-16.6752, 12.3704, -2.89471, 0.035674, -0.0232306, -0.854438, 0.517806
-16.4586, 12.5202, -2.97907, 0.0374017, -0.0250889, -0.856812, 0.513659
-16.2761, 12.606, -3.13268, 0.0470841, -0.0252551, -0.857589, 0.511553
-16.0906, 12.6777, -3.36501, 0.0495555, -0.0304182, -0.858772, 0.509047
-15.9856, 12.6998, -3.38758, 0.0462107, -0.0324988, -0.859504, 0.507997
-15.9759, 12.6496, -3.22225, 0.0429913, -0.0296558, -0.858902, 0.509469
-16.0473, 12.4668, -3.1782, 0.0442504, -0.0282917, -0.855884, 0.514494
-16.0977, 12.2634, -3.33007, 0.0448187, -0.032362, -0.852661, 0.519531
-16.1018, 12.1424, -3.40012, 0.0465526, -0.0337725, -0.850472, 0.522866
-16.1137, 11.9527, -3.68122, 0.0501459, -0.0396668, -0.847142, 0.527505
-16.1947, 11.7296, -3.73633, 0.0537939, -0.0394278, -0.843048, 0.533687
-16.154, 11.7529, -3.50865, 0.0513001, -0.0344588, -0.843318, 0.53385
-16.094, 11.7762, -3.36104, 0.0462799, -0.032845, -0.843902, 0.533488
-15.9021, 11.9518, -3.27886, 0.0447712, -0.0319376, -0.846765, 0.529117
-15.7811, 12.0443, -3.0988, 0.0481854, -0.026394, -0.847824, 0.527424
-15.6465, 12.1125, -3.0693, 0.0443607, -0.0273796, -0.8493, 0.52533
-15.4299, 12.256, -3.16728, 0.0483081, -0.0286379, -0.851443, 0.521431
-15.1695, 12.4417, -3.31573, 0.0535773, -0.0308631, -0.85419, 0.516272
-14.91, 12.6447, -3.37551, 0.0563623, -0.0318588, -0.857349, 0.510648
-14.7423, 12.7428, -3.40359, 0.0569964, -0.0328526, -0.858904, 0.507894
-14.6716, 12.7447, -3.37577, 0.0572659, -0.0325207, -0.858738, 0.508166
-14.5236, 12.7779, -3.58752, 0.0611359, -0.0374583, -0.858881, 0.507132
-14.4281, 12.8112, -3.58312, 0.0661886, -0.0359226, -0.858608, 0.507071
-14.4481, 12.6964, -3.64129, 0.0661305, -0.0372876, -0.856395, 0.510709
-14.4207, 12.7057, -3.41928, 0.0663658, -0.0312898, -0.856091, 0.511591
-14.4228, 12.6658, -3.23447, 0.0590131, -0.0288128, -0.855824, 0.513082
-14.29, 12.7169, -3.28236, 0.0562836, -0.031577, -0.856928, 0.51138
-14.053, 12.9159, -3.14727, 0.0571998, -0.0284877, -0.860218, 0.505906
-13.8364, 13.0607, -3.09029, 0.0572271, -0.0276601, -0.862824, 0.501492
-13.6177, 13.1427, -3.30183, -0.0585587, 0.0333721, 0.864471, -0.498143
-13.2837, 13.3852, -3.31925, -0.0616155, 0.033435, 0.868627, -0.490483
-12.9733, 13.5993, -3.34072, -0.057848, 0.0356601, 0.872977, -0.483004
-12.6825, 13.8552, -3.05792, -0.0538951, 0.0297288, 0.87777, -0.475112
-12.4243, 14.0449, -2.90762, -0.0556392, 0.0260629, 0.880944, -0.469215
-12.1653, 14.207, -2.8973, -0.0579162, 0.0261176, 0.88363, -0.463855
-11.8438, 14.4162, -2.90395, -0.0591699, 0.0269148, 0.887259, -0.456669
-11.612, 14.5349, -2.97873, -0.0603454, 0.0290927, 0.889247, -0.452494
-11.4383, 14.6165, -2.98633, -0.0648244, 0.0285901, 0.890177, -0.450072
-11.0567, 14.8906, -2.79007, -0.0611892, 0.0247157, 0.895507, -0.440128
-10.5411, 15.2557, -2.5025, -0.0592912, 0.0184405, 0.902476, -0.426242
-9.92056, 15.6357, -2.35117, -0.0584753, 0.0160321, 0.910028, -0.410088
-9.47527, 15.8466, -2.40053, -0.0606464, 0.0181969, 0.914314, -0.400025
-8.85923, 16.1334, -2.48428, -0.0620503, 0.0214401, 0.920475, -0.385247
-8.15219, 16.4654, -2.39713, -0.0641405, 0.0199859, 0.927541, -0.367634
-7.48925, 16.7231, -2.49364, -0.0621824, 0.0239646, 0.933803, -0.351526
-6.77977, 17.0059, -2.35039, -0.056546, 0.0217857, 0.940852, -0.333356
-6.2662, 17.188, -2.18016, -0.0504798, 0.0185654, 0.945672, -0.320642
-5.88194, 17.3011, -2.10596, -0.0436744, 0.0176925, 0.948992, -0.311758
-5.48552, 17.3884, -2.24841, -0.0419091, 0.0224507, 0.951669, -0.303422
-5.06584, 17.4979, -2.20345, -0.0409277, 0.0217824, 0.954605, -0.294243
-4.84294, 17.5504, -2.09023, -0.0388104, 0.0187603, 0.956001, -0.29018
-4.57188, 17.6122, -1.96452, -0.0343951, 0.0154664, 0.957916, -0.28456
-4.30627, 17.6651, -1.85706, -0.0284493, 0.0125817, 0.959774, -0.279045
-3.90025, 17.7299, -1.89703, -0.029371, 0.0143381, 0.962182, -0.270441
-3.36306, 17.8159, -1.84385, -0.0304134, 0.0137359, 0.965508, -0.258228
-2.90821, 17.8681, -1.79717, -0.0317374, 0.0131341, 0.968073, -0.248304
-2.47245, 17.893, -1.90163, -0.0368202, 0.0167225, 0.970079, -0.239398
-2.00034, 17.9161, -2.0073, -0.0435703, 0.0207114, 0.972095, -0.229572
-1.47031, 17.9475, -2.01259, -0.0418204, 0.0212999, 0.97497, -0.217325
-1.17212, 17.9625, -1.8997, -0.0364926, 0.0179076, 0.976666, -0.210882
-1.03629, 17.9661, -1.79672, -0.0375337, 0.015663, 0.976998, -0.209335
-0.845928, 17.9594, -1.90849, -0.0413547, 0.019885, 0.977294, -0.206861
-0.66158, 17.9697, -1.88345, -0.0487288, 0.0207085, 0.977402, -0.204651
-0.471211, 17.9623, -2.04001, -0.0519798, 0.0257576, 0.977601, -0.202314
-0.135402, 17.9923, -1.80372, -0.0596789, 0.0209362, 0.978653, -0.195546
0.363281, 18.0078, -1.6203, -0.051459, 0.0149922, 0.981591, -0.183322
0.959476, 17.9827, -1.70239, -0.0499024, 0.0181322, 0.984118, -0.169391
1.64339, 17.945, -1.56908, -0.0487535, 0.0155126, 0.986948, -0.152698
2.10277, 17.8967, -1.55133, -0.0499416, 0.0163572, 0.988397, -0.142514
2.68118, 17.8062, -1.71223, -0.0507131, 0.0219633, 0.99006, -0.129331
3.25974, 17.7134, -1.70898, -0.050625, 0.0224823, 0.991751, -0.115597
3.85597, 17.6055, -1.67171, -0.0506984, 0.0223693, 0.993331, -0.101108
4.33691, 17.5048, -1.68976, -0.0394606, 0.0200463, 0.995048, -0.0889959
4.68286, 17.4343, -1.66534, -0.0350775, 0.0186758, 0.995913, -0.0811078
5.06657, 17.3544, -1.64436, -0.0355375, 0.0191336, 0.99655, -0.072516
5.38005, 17.292, -1.65145, -0.0366741, 0.020408, 0.996934, -0.0660398
5.65393, 17.2453, -1.61595, -0.0388432, 0.0203815, 0.99719, -0.0607238
5.75311, 17.264, -1.40938, -0.0449123, 0.0165672, 0.997024, -0.0604236
6.27903, 17.1175, -1.40263, -0.0425527, 0.0160892, 0.997839, -0.0474014
6.85537, 16.9435, -1.26272, -0.0397819, 0.0116088, 0.99861, -0.0325807
7.53496, 16.6956, -1.2223, -0.0393928, 0.0114574, 0.999048, -0.0148602
8.20459, 16.4294, -1.01414, -0.0399567, 0.00674152, 0.999174, 0.00289198
8.88774, 16.1069, -1.12989, -0.0395472, 0.0111306, 0.998936, 0.0209565
9.59153, 15.7554, -0.976808, -0.0451218, 0.0101891, 0.99813, 0.0399579
10.3124, 15.3469, -0.982803, -0.0492999, 0.0137007, 0.996888, 0.0599741
11.0625, 14.8768, -0.95424, -0.0457642, 0.0120096, 0.995494, 0.082173
11.611, 14.5205, -0.885196, -0.0415514, 0.00836778, 0.994257, 0.0982654
11.9955, 14.2747, -0.925913, -0.0396886, 0.00960551, 0.993235, 0.108705
12.3976, 14.0139, -0.868186, -0.0434981, 0.0114266, 0.991808, 0.119555
12.7904, 13.7565, -0.70241, -0.0443621, 0.00739593, 0.990416, 0.130591
13.002, 13.6496, -0.666148, -0.0442224, 0.00618452, 0.989815, 0.135175
13.3254, 13.427, -0.626549, -0.0452704, 0.00610965, 0.988542, 0.14387
13.6985, 13.1351, -0.712931, -0.0382526, 0.00441981, 0.987168, 0.154971
14.1452, 12.7495, -0.682034, -0.0375144, 0.00389653, 0.984928, 0.168805
14.6251, 12.2989, -0.497596, -0.0381227, -0.000613697, 0.982118, 0.184364
15.0942, 11.819, -0.494175, -0.0392561, 0.00116535, 0.979056, 0.199767
15.4673, 11.4319, -0.356958, -0.0445828, 0.00144296, 0.976319, 0.211686
15.874, 10.9701, -0.127323, -0.0488212, -0.0022143, 0.972933, 0.225859
16.2388, 10.5368, -0.240053, -0.0448481, -0.00115091, 0.970051, 0.238723
16.4739, 10.2812, -0.341243, -0.0395535, -0.00183657, 0.96842, 0.246161
16.6267, 10.1516, -0.43993, -0.0348831, -0.00198569, 0.967645, 0.249883
16.7356, 10.1, -0.525927, -0.035804, 0.00266222, 0.967286, 0.251136
16.8624, 10.035, -0.222155, -0.0395563, -0.00415791, 0.966537, 0.253426
16.9376, 10.0536, 0.00777575, -0.047472, -0.00459396, 0.966284, 0.253024
17.0928, 9.93597, 0.0368806, -0.0466064, -0.0063438, 0.965365, 0.256627
17.3218, 9.68482, -0.162503, -0.0387946, -0.00679826, 0.963736, 0.263934
17.5053, 9.49972, -0.138775, -0.0385566, -0.00738166, 0.962309, 0.26911
17.7611, 9.17157, -0.128148, -0.0377641, -0.00766912, 0.959799, 0.27803
18.0041, 8.85364, -0.0903035, -0.0368867, -0.00917535, 0.957348, 0.286428
18.2869, 8.43724, -0.212191, -0.0352766, -0.0060215, 0.954192, 0.297048
18.5329, 8.06811, -0.037708, -0.0351851, -0.0126032, 0.951147, 0.306469
18.659, 7.94919, 0.281494, -0.0456288, -0.0126839, 0.949873, 0.30903
18.8079, 7.7973, 0.0825476, -0.0427818, -0.00816043, 0.948862, 0.312673
18.8821, 7.82283, -0.105565, -0.0403857, -0.00340401, 0.949276, 0.31182
18.9106, 7.95803, -0.106464, -0.0412617, -0.00189252, 0.950365, 0.308383
18.9409, 8.0897, 0.142747, -0.0499323, -0.000850728, 0.951007, 0.30511
18.9561, 8.26223, 0.198173, -0.0517502, -0.00096012, 0.952215, 0.30101
18.9403, 8.50148, 0.0988303, -0.0481624, -0.00187463, 0.9542, 0.295261
19.0484, 8.45715, -0.0444391, -0.0415065, -0.00413612, 0.954058, 0.296706
19.1697, 8.37343, -0.279405, -0.0333271, -0.00463846, 0.953642, 0.299056
19.365, 8.10904, -0.305046, -0.0310438, -0.00562303, 0.951608, 0.305692
19.4789, 8.02791, -0.141806, -0.0331995, -0.00846024, 0.950909, 0.307567
19.5774, 7.98444, -0.0937408, -0.0346885, -0.00815247, 0.95061, 0.308335
19.6119, 8.09543, 0.0116639, -0.0372466, -0.00924194, 0.951486, 0.305288
19.6063, 8.29413, 0.102602, -0.0412546, -0.00816573, 0.952989, 0.300072
19.5843, 8.52679, -0.0715125, -0.0402799, -0.00313542, 0.954938, 0.294042
19.5268, 8.82625, -0.275728, -0.0365543, -9.75413e-05, 0.957393, 0.286464
19.4787, 9.09676, -0.406265, -0.0344575, 0.00242069, 0.959484, 0.279639
19.4886, 9.25067, -0.326649, -0.0404411, 0.00672537, 0.960385, 0.275646
19.6785, 9.01868, 0.150133, -0.0465361, -0.00261968, 0.958353, 0.281756
19.8107, 8.90122, 0.401865, -0.0461769, -0.0119397, 0.95738, 0.284867
19.7817, 9.13458, 0.477695, -0.0464658, -0.014605, 0.959008, 0.279163
19.8662, 9.12501, 0.453842, -0.0428024, -0.0179096, 0.959057, 0.279387
19.9181, 9.18125, 0.486317, -0.0404787, -0.0213341, 0.959507, 0.277943
20.0617, 9.04959, 0.364725, -0.0386506, -0.018511, 0.958768, 0.28094
20.2135, 8.87991, 0.491642, -0.0400618, -0.0206374, 0.957566, 0.284669
20.4505, 8.5259, 0.348136, -0.0392806, -0.0161463, 0.955276, 0.292649
20.6198, 8.30286, 0.424637, -0.0404688, -0.0174119, 0.953723, 0.297443
20.7888, 8.07939, 0.323845, -0.0410446, -0.0130087, 0.952278, 0.30218
20.9762, 7.80273, 0.0405396, -0.0314041, -0.0146057, 0.950638, 0.308362
21.0143, 7.90695, -0.0876084, -0.0307031, -0.0103908, 0.951622, 0.305558
21.1174, 7.83936, -0.314831, -0.024863, -0.00896153, 0.951389, 0.306857
21.183, 7.88606, -0.355195, -0.0273607, -0.00379349, 0.951833, 0.305369
21.267, 7.89187, -0.302327, -0.0285633, -0.00391881, 0.951898, 0.305057
21.2886, 8.05917, -0.417227, -0.0279309, -0.000918687, 0.953215, 0.300999
21.3287, 8.16552, -0.559649, -0.0266835, 0.00242123, 0.954114, 0.298243
21.3989, 8.18245, -0.752398, -0.0202598, 0.00115193, 0.954446, 0.297692
21.5342, 8.04611, -0.541132, -0.0222093, -0.00344483, 0.953518, 0.300498
21.6612, 7.91813, -0.159423, -0.0288594, -0.00790335, 0.952566, 0.302856
21.7991, 7.74976, -0.12801, -0.0312161, -0.00571738, 0.951532, 0.305907
21.8566, 7.80298, 0.114086, -0.0406013, -0.00229153, 0.951806, 0.303991
22.0075, 7.59654, 0.164597, -0.0416513, -0.00264797, 0.950452, 0.308058
22.2024, 7.26359, -0.189418, -0.0353964, 0.00209273, 0.948487, 0.314826
22.3233, 7.13624, -0.316263, -0.0298694, -0.000300915, 0.947827, 0.317383
22.3917, 7.17607, -0.357367, -0.0279862, -0.000770236, 0.948223, 0.316368
22.4698, 7.20401, -0.148984, -0.033507, -0.000259157, 0.948293, 0.315622
22.5211, 7.31636, -0.0018222, -0.0351975, -0.00314258, 0.948989, 0.313324
22.5212, 7.57812, 0.0801538, -0.036283, -0.00494625, 0.950743, 0.30781
22.5844, 7.64279, 0.0297249, -0.034695, -0.00543463, 0.95125, 0.306415
22.6644, 7.65177, -0.194474, -0.0269599, -0.00789922, 0.951519, 0.306304
22.7074, 7.765, -0.21112, -0.0289668, -0.00415862, 0.952335, 0.303647
22.7121, 7.98625, -0.278962, -0.0284965, -0.0019792, 0.953931, 0.298663
22.655, 8.36841, -0.498951, -0.0280465, 0.00499061, 0.956598, 0.290015
22.5323, 8.90118, -0.583596, -0.0299525, 0.00964318, 0.960024, 0.278143
22.4254, 9.36018, -0.582183, -0.0321089, 0.0116373, 0.962832, 0.267935
22.3876, 9.62185, -0.832714, -0.0277252, 0.0141256, 0.964565, 0.262003
22.293, 10.0075, -0.934683, -0.0232226, 0.0117012, 0.966936, 0.253689
22.2229, 10.3437, -0.835849, -0.0252007, 0.0110988, 0.968775, 0.246406
22.2079, 10.5571, -0.850913, -0.0267819, 0.0137289, 0.969869, 0.241763
22.1871, 10.795, -0.662779, -0.0281483, 0.00928928, 0.971044, 0.237053
22.0722, 11.21, -0.451036, -0.0335063, 0.00833199, 0.973002, 0.228201
22.0167, 11.4841, -0.185658, -0.0369874, 0.00378336, 0.974218, 0.222525
22.0229, 11.6243, -0.500709, -0.0303402, 0.005653, 0.975112, 0.219552
22.1087, 11.6213, -0.395517, -0.0335684, 0.00648135, 0.974961, 0.219731
22.311, 11.3874, -0.543889, -0.0306311, 0.00827341, 0.973873, 0.224864
22.3825, 11.4059, -0.571582, -0.0273838, 0.00570464, 0.974072, 0.2245
22.4282, 11.4771, -0.584007, -0.0290405, 0.00802215, 0.97442, 0.222705
22.5619, 11.3819, -0.375582, -0.0332445, 0.00643168, 0.973833, 0.22473
22.6499, 11.3666, -0.296568, -0.0353583, 0.0064644, 0.973688, 0.225032
22.7013, 11.4186, -0.436375, -0.0316261, 0.0063466, 0.974067, 0.223948
22.6822, 11.6143, -0.403307, -0.0316209, 0.00559628, 0.975001, 0.219868
22.6119, 11.9088, -0.505322, -0.0323554, 0.00982024, 0.976343, 0.213566
22.5942, 12.1063, -0.570933, -0.034768, 0.014711, 0.97711, 0.20936
22.5157, 12.4195, -0.459183, -0.0324155, 0.00817134, 0.978566, 0.203203
22.3537, 12.8586, -0.358402, -0.0318545, 0.0040068, 0.980473, 0.194015
22.1722, 13.3012, -0.44777, -0.0265675, 0.000367771, 0.982463, 0.184553
21.9627, 13.7678, -0.465034, -0.0254648, -0.000445927, 0.984376, 0.174229
21.8976, 13.9919, -0.323199, -0.0275025, -0.00200585, 0.985199, 0.169184
21.7821, 14.2841, -0.0429727, -0.031345, -0.0056356, 0.986201, 0.162458
21.6225, 14.6332, 0.00220805, -0.0349701, -0.00322128, 0.987422, 0.154159
21.5029, 14.9045, 0.376152, -0.0394513, -0.00932302, 0.988193, 0.147757
21.2094, 15.4127, 0.467802, -0.0452063, -0.00629391, 0.989702, 0.135669
20.9671, 15.8432, 0.213281, -0.0388678, -0.00611631, 0.991321, 0.125436
20.5082, 16.5247, 0.028235, -0.0355168, -0.00470121, 0.9934, 0.10896
19.9805, 17.2482, -0.0431586, -0.0350942, -0.00336615, 0.995214, 0.0911377
19.4764, 17.9052, -0.148564, -0.0397931, 0.00353615, 0.996427, 0.074416
18.8186, 18.6758, 0.216424, -0.0419406, -0.00456467, 0.997609, 0.0547426
17.9833, 19.5573, 0.193827, -0.0426884, -0.00439334, 0.9986, 0.0309361
17.1386, 20.3669, 0.163094, -0.0402169, -0.00653564, 0.999138, 0.00800103
16.1858, 21.1903, -0.249677, -0.0297875, -0.00562539, 0.999401, -0.0167137
15.3843, 21.8255, -0.46807, -0.0274864, -0.00245534, 0.998931, -0.0370772
14.7162, 22.3213, -0.310626, -0.0288919, -0.00512268, 0.998122, -0.0537688
13.9452, 22.8408, -0.231633, -0.0310617, -0.00554678, 0.996873, -0.0724465
13.0039, 23.4132, -0.200744, -0.0305939, -0.00712142, 0.995049, -0.0942955
11.9733, 23.9767, -0.188932, -0.0363512, -0.00432811, 0.992386, -0.117597
10.7401, 24.5654, -0.572147, -0.0365759, 0.00335877, 0.988823, -0.144499
9.32085, 25.1406, -0.896276, -0.0291629, 0.00502027, 0.9843, -0.174005
7.64573, 25.7041, -0.932027, -0.0274406, 0.00403477, 0.977824, -0.207583
5.90728, 26.1479, -1.3656, -0.0234749, 0.0103357, 0.97002, -0.241667
4.36484, 26.4493, -1.48335, -0.0245734, 0.0125198, 0.962062, -0.271432
2.59605, 26.6843, -1.49127, -0.027926, 0.0130872, 0.951959, -0.304668
0.329432, 26.8081, -1.40579, -0.0358469, 0.0128666, 0.937447, -0.346039
-1.82743, 26.7418, -1.26768, -0.0426049, 0.0108197, 0.922013, -0.384655
-4.09566, 26.4657, -1.3835, -0.0340328, 0.00870834, 0.904718, -0.424559
-5.81783, 26.1103, -1.53754, -0.0298882, 0.00968246, 0.889879, -0.455114
-7.00071, 25.7964, -1.39024, -0.0229167, 0.00482433, 0.879037, -0.476179
-8.00526, 25.4608, -1.50631, -0.0219609, 0.00660584, 0.86878, -0.494667
-8.72381, 25.1767, -1.64454, 0.0226675, -0.00899265, -0.86077, 0.508409
-9.40673, 24.8907, -1.61608, 0.0287451, -0.00905469, -0.852663, 0.521592
-10.1735, 24.5196, -2.01013, 0.0293449, -0.0161648, -0.843289, 0.536415
-11.0118, 24.1176, -1.91439, 0.0220681, -0.0127368, -0.83357, 0.551825
-12.0044, 23.6034, -1.76459, 0.0218755, -0.0095648, -0.821164, 0.570192
-12.9121, 23.0394, -2.22946, 0.0206218, -0.0179951, -0.808596, 0.587728
-13.8585, 22.3851, -2.76897, 0.0194554, -0.0277712, -0.794575, 0.606219
-14.7482, 21.7743, -2.69302, 0.0279119, -0.0265137, -0.780724, 0.623689
-15.7997, 20.974, -2.69175, 0.0282333, -0.0256003, -0.764049, 0.644031
-16.7422, 20.186, -2.59137, 0.0283527, -0.0229974, -0.748152, 0.662523
-17.7843, 19.2283, -2.45037, 0.0197694, -0.0195717, -0.730003, 0.682877
-18.4611, 18.5061, -2.46978, 0.0177976, -0.0198334, -0.71645, 0.697129
-18.9882, 17.8938, -2.36314, 0.0177572, -0.0178496, -0.705064, 0.708697
-19.5737, 17.1515, -2.38335, 0.0160693, -0.0182605, -0.691691, 0.721784
-20.087, 16.368, -2.8672, 0.0197852, -0.0270574, -0.677705, 0.73457
-20.5993, 15.5404, -3.21276, 0.0329186, -0.0322001, -0.662158, 0.747948
-21.25, 14.457, -3.49555, 0.0293174, -0.0373444, -0.643357, 0.764093
-21.9704, 13.2908, -3.13293, 0.022471, -0.0305967, -0.623135, 0.781192
-22.7164, 11.8895, -2.85566, 0.0201194, -0.0251971, -0.5986, 0.800399
-23.3271, 10.4868, -2.81338, 0.0170445, -0.0248045, -0.57423, 0.818141
-23.6657, 9.5601, -2.63845, 0.0122675, -0.0223604, -0.558114, 0.829372
-23.8997, 8.8121, -2.43638, 0.0159232, -0.0174132, -0.544418, 0.838482
-24.0795, 8.04931, -2.59766, 0.0136111, -0.0208835, -0.530961, 0.84703
-24.1449, 7.58806, -2.70615, 0.0188275, -0.0216112, -0.522234, 0.85232
-24.2682, 7.03689, -2.38583, 0.0140707, -0.0161738, -0.512482, 0.858431
-24.3207, 6.58775, -2.33943, 0.0114457, -0.0160588, -0.504484, 0.863196
-24.2818, 6.49155, -2.1193, 0.0101471, -0.0121661, -0.502626, 0.864359
-24.2557, 6.29678, -1.98505, 0.0140566, -0.00851534, -0.49882, 0.86655
-24.2308, 6.00923, -2.11348, 0.0147998, -0.0108481, -0.493646, 0.869469
-24.2343, 5.57901, -2.28664, 0.0184942, -0.0130857, -0.485699, 0.873833
-24.2551, 4.9857, -2.58636, 0.0141361, -0.0203697, -0.475332, 0.879457
-24.3096, 4.30084, -2.55428, 0.00863666, -0.0212934, -0.463186, 0.885963
-24.3387, 3.46126, -2.77905, 0.00741757, -0.0266847, -0.447917, 0.893646
-24.3656, 2.62548, -2.72637, 0.00233002, -0.0276694, -0.432643, 0.901138
-24.3637, 1.7262, -2.71198, -0.000338524, -0.0286699, -0.415845, 0.908983
-24.3161, 0.653255, -2.88249, 0.00447387, -0.0306477, -0.395169, 0.918086
-24.2379, -0.716835, -2.86709, 0.00677824, -0.0293381, -0.368733, 0.929048
-24.1284, -1.81716, -2.61124, 0.00264482, -0.0254885, -0.347517, 0.937323
-23.9893, -2.72882, -2.32999, -0.000798016, -0.0210059, -0.32962, 0.94388
-23.8532, -3.23549, -2.19553, -0.00214711, -0.0190141, -0.319494, 0.947395
-23.6929, -3.76748, -2.12757, 0.00191685, -0.0157916, -0.308552, 0.951074
-23.4607, -4.60467, -2.08219, -0.0004139, -0.0160553, -0.291817, 0.956339
-23.2524, -5.20849, -2.02956, -0.00289325, -0.0159711, -0.279576, 0.959986
-23.0022, -5.83909, -2.23254, -0.00134377, -0.0200343, -0.266402, 0.963653
-22.7133, -6.64221, -2.11164, -0.00427593, -0.0190418, -0.249531, 0.96817
-22.3278, -7.54597, -2.31075, -0.00394475, -0.02439, -0.229997, 0.972878
-21.9592, -8.3562, -2.19773, -0.00821245, -0.0250188, -0.212126, 0.976887
-21.5889, -9.03655, -2.25575, -0.0104383, -0.0285703, -0.19659, 0.980014
-21.2183, -9.63849, -2.39633, -0.00899525, -0.0314717, -0.18226, 0.982705
-20.812, -10.295, -2.44646, -0.00628499, -0.0311224, -0.166285, 0.985566
-20.4773, -10.8375, -2.14349, -0.00954133, -0.0257225, -0.153104, 0.987829
-20.1692, -11.2663, -1.99483, -0.011611, -0.0238006, -0.142458, 0.989447
-20.0027, -11.4219, -1.84103, -0.0119389, -0.0204398, -0.138357, 0.9901
-19.7666, -11.6639, -1.892, -0.00785301, -0.019235, -0.132008, 0.991031
-19.5341, -11.8757, -2.06349, -0.00782189, -0.024057, -0.126764, 0.99161
-19.2583, -12.1221, -2.39639, -0.00423326, -0.0304673, -0.120322, 0.992258
-18.9772, -12.4399, -2.32283, -0.0074596, -0.0311501, -0.112353, 0.993152
-18.6686, -12.7922, -2.21145, -0.00593735, -0.0270296, -0.102877, 0.994309
-18.2227, -13.2791, -2.33453, -0.00389077, -0.0296368, -0.0895699, 0.995532
-17.7372, -13.8002, -2.32517, -0.00504306, -0.0312435, -0.0750623, 0.996677
-17.1891, -14.3265, -2.53428, -0.00380348, -0.0371737, -0.0596639, 0.997519
-16.5674, -14.8829, -2.82378, -0.00310947, -0.0460456, -0.0428316, 0.998016
-15.9122, -15.4474, -3.03316, 0.00285199, -0.047482, -0.0244718, 0.998568
-15.3677, -15.9322, -2.83976, 0.00051693, -0.0443186, -0.00903444, 0.998976
-14.9483, -16.246, -2.78791, -0.00135481, -0.0454868, 0.00136202, 0.998963
-14.7902, -16.3057, -2.75956, -0.00152848, -0.0454527, 0.00361206, 0.998959
-14.5306, -16.4311, -2.90262, -0.00317066, -0.0528148, 0.0077541, 0.998569
-14.147, -16.674, -2.98207, -0.00878902, -0.0624706, 0.0153839, 0.99789
-13.8398, -16.8206, -3.19223, -0.00780314, -0.0691028, 0.0207145, 0.997364
-13.5787, -17.0158, -2.86229, -0.0144142, -0.0658691, 0.0269618, 0.99736
-13.1543, -17.3415, -2.42719, -0.0186082, -0.0568196, 0.0387206, 0.99746
-12.6861, -17.6517, -2.16171, -0.0198179, -0.0505064, 0.0507814, 0.997235
-12.2534, -17.9144, -1.8627, -0.025308, -0.0480456, 0.0611783, 0.996649
-11.8711, -18.0971, -1.88159, -0.02426, -0.0486479, 0.0693532, 0.99611
-11.3527, -18.3511, -1.96836, -0.0246342, -0.0535333, 0.0806712, 0.994997
-10.8513, -18.583, -2.07042, -0.020952, -0.0535312, 0.0919189, 0.994106
-10.6047, -18.6707, -2.03859, -0.0208217, -0.0526565, 0.0964423, 0.993727
-10.5174, -18.6687, -1.97356, -0.0183579, -0.0471949, 0.0971452, 0.993981
-10.5536, -18.6133, -1.72539, -0.0199179, -0.0399821, 0.0947395, 0.994499
-10.443, -18.6114, -1.86029, -0.0173721, -0.0426462, 0.0949706, 0.994414
-10.3953, -18.5964, -1.79781, -0.0181968, -0.0414893, 0.0940168, 0.994539
-10.2666, -18.5812, -2.22253, -0.012709, -0.0509614, 0.0937431, 0.99421
-10.086, -18.6612, -1.99349, -0.0203084, -0.0526602, 0.0964134, 0.99374
-10.0147, -18.6673, -1.86856, -0.0220053, -0.0500575, 0.0964749, 0.993832
-9.69864, -18.7912, -1.86668, -0.0219281, -0.0511301, 0.102616, 0.993164
-9.34839, -18.9402, -1.66205, -0.0240932, -0.0472452, 0.110257, 0.992487
-9.00888, -19.0577, -1.63983, -0.0243751, -0.0481325, 0.11691, 0.991676
-8.46262, -19.2447, -1.80773, -0.0215868, -0.0527315, 0.128333, 0.990093
-7.9214, -19.4463, -1.59146, -0.029354, -0.0569398, 0.139931, 0.988087
-7.71949, -19.4707, -1.77395, -0.0227518, -0.0547439, 0.142918, 0.987957
-7.34316, -19.6008, -1.46888, -0.0247885, -0.0448327, 0.151498, 0.987129
-7.12649, -19.6496, -1.39349, -0.0241335, -0.0411545, 0.155191, 0.986732
-7.06515, -19.6357, -1.46925, -0.0186551, -0.0360226, 0.154894, 0.987098
-6.85702, -19.6782, -1.54394, -0.0150471, -0.0341233, 0.157994, 0.986736
-6.5497, -19.7546, -1.59518, -0.0173014, -0.0414206, 0.162835, 0.985632
-6.24004, -19.8469, -1.40015, -0.0230807, -0.042569, 0.168462, 0.984518
-5.92927, -19.9312, -1.2355, -0.0276368, -0.0433507, 0.174192, 0.983369
-5.57652, -20.018, -1.12969, -0.0277421, -0.0389459, 0.181281, 0.982268
-5.20848, -20.0938, -1.14911, -0.0249739, -0.036053, 0.188472, 0.981099
-4.79683, -20.1758, -1.02139, -0.0257327, -0.032382, 0.196736, 0.979584
-4.4046, -20.2366, -1.02609, -0.0244053, -0.0313397, 0.204214, 0.97812
-3.96099, -20.2926, -1.13121, -0.0225931, -0.0344873, 0.212561, 0.976278
-3.35932, -20.3821, -0.964091, -0.0255764, -0.0321719, 0.225249, 0.973434
-2.9987, -20.4236, -0.72791, -0.03003, -0.0284662, 0.232173, 0.971794
-2.78612, -20.4313, -0.783332, -0.0272655, -0.0260349, 0.235319, 0.971187
-2.89134, -20.3972, -0.748298, -0.0274099, -0.0248606, 0.23072, 0.972316
-3.01803, -20.3557, -0.963591, -0.0214449, -0.024703, 0.225353, 0.973728
-2.93096, -20.3496, -1.13189, -0.0182278, -0.0280496, 0.224787, 0.973834
-3.08733, -20.3013, -1.40861, -0.0116327, -0.028865, 0.218457, 0.97535
-3.14956, -20.2876, -1.26294, -0.0124511, -0.0206349, 0.215271, 0.976257
-3.24077, -20.2649, -1.13344, -0.0142847, -0.0164719, 0.211103, 0.977221
-2.97058, -20.2931, -1.07068, -0.0156447, -0.0169266, 0.215431, 0.976247
-2.79364, -20.3012, -0.943462, -0.0187032, -0.0175668, 0.217462, 0.975731
-2.67197, -20.2929, -0.898101, -0.0202678, -0.0195029, 0.218029, 0.975537
-2.38328, -20.3057, -0.828679, -0.0227355, -0.0214692, 0.222585, 0.974412
-2.0561, -20.3204, -0.87736, -0.0204505, -0.0185592, 0.22836, 0.973185
-1.99601, -20.3108, -0.865521, -0.0194848, -0.0145855, 0.227773, 0.97341
-1.94452, -20.2945, -1.09075, -0.0140965, -0.0165282, 0.226622, 0.973741
-2.14528, -20.2587, -1.22559, -0.0102929, -0.0164921, 0.21941, 0.975439
-2.23761, -20.2442, -1.24286, -0.0103947, -0.018769, 0.21461, 0.976464
-2.21436, -20.2517, -1.1364, -0.014531, -0.0224912, 0.21253, 0.976788
-2.25475, -20.2477, -1.10331, -0.0168984, -0.0260003, 0.209018, 0.97742
-2.40483, -20.2324, -0.962386, -0.020704, -0.0256217, 0.203192, 0.978585
-2.30618, -20.2348, -1.05645, -0.0184885, -0.0268164, 0.203295, 0.978576
-2.22584, -20.2451, -0.813179, -0.0255169, -0.03025, 0.202958, 0.978387
-2.25923, -20.2248, -0.948574, -0.0215438, -0.0298042, 0.199867, 0.979133
-2.03158, -20.2342, -0.977054, -0.0219015, -0.0342266, 0.202888, 0.978358
-1.61981, -20.2656, -0.855259, -0.0265251, -0.0398085, 0.210434, 0.976437
-1.3487, -20.2708, -1.03134, -0.0216045, -0.0392622, 0.214792, 0.975631
-1.26126, -20.2704, -1.01428, -0.0195068, -0.0309968, 0.215321, 0.975856
-1.27581, -20.265, -0.979437, -0.0190769, -0.0274793, 0.21306, 0.976466
-1.32369, -20.2612, -0.950232, -0.0186507, -0.0247589, 0.209888, 0.977234
-1.21132, -20.273, -0.910908, -0.0186559, -0.0223567, 0.210534, 0.977153
-0.936265, -20.3, -0.762857, -0.0239658, -0.0281537, 0.214693, 0.975982
-0.542073, -20.3237, -0.793563, -0.0240425, -0.0319417, 0.22186, 0.974259
0.0189709, -20.3488, -0.479508, -0.0312427, -0.0306269, 0.233554, 0.971359
0.721547, -20.3491, -0.415072, -0.0312481, -0.0266785, 0.248631, 0.967726
1.60566, -20.3117, -0.336932, -0.0318057, -0.0249878, 0.267875, 0.962604
2.53101, -20.2277, -0.209885, -0.0334228, -0.0223451, 0.288042, 0.956773
3.49619, -20.0921, -0.185524, -0.0328413, -0.020305, 0.309051, 0.950261
4.61814, -19.8736, -0.0821786, -0.0351698, -0.0233731, 0.333667, 0.941745
5.79652, -19.5749, 0.0864339, -0.0385779, -0.0219041, 0.360053, 0.931876
6.68024, -19.3108, -0.042893, -0.0348602, -0.0204985, 0.379477, 0.924317
7.67107, -18.9622, -0.129441, -0.0320752, -0.0225648, 0.401547, 0.914998
8.49398, -18.6365, -0.144883, -0.0307986, -0.0204695, 0.419828, 0.90685
9.30657, -18.2808, -0.355984, -0.0248071, -0.0200304, 0.437828, 0.898493
10.1514, -17.8705, -0.329756, -0.0248641, -0.0189199, 0.456812, 0.889014
10.8942, -17.4754, -0.436636, -0.0217185, -0.0227399, 0.473212, 0.880387
11.7373, -16.9725, -0.291344, -0.0249375, -0.0220395, 0.49272, 0.869551
12.4055, -16.5408, -0.214365, -0.0273483, -0.0140781, 0.508335, 0.86061
13.0189, -16.1143, -0.132717, -0.0288425, -0.0154676, 0.522428, 0.852055
13.5195, -15.749, 0.0346432, -0.0322519, -0.0167158, 0.53368, 0.844906
13.8382, -15.5221, 0.120649, -0.0340374, -0.0156735, 0.540107, 0.840762
14.0274, -15.4063, 0.062542, -0.0320837, -0.017248, 0.542887, 0.839015
14.2759, -15.2211, 0.410708, -0.0397126, -0.022026, 0.547309, 0.835698
14.3794, -15.1772, 0.448628, -0.0403983, -0.0239069, 0.547793, 0.835296
14.2754, -15.34, 0.261586, -0.0368946, -0.0184899, 0.542622, 0.838963
14.2394, -15.4346, 0.101355, -0.0330313, -0.0172891, 0.539312, 0.84128
14.0985, -15.6227, 0.159878, -0.0339283, -0.0184997, 0.533054, 0.845198
13.9949, -15.7832, 0.10332, -0.0313406, -0.0238773, 0.527606, 0.848575
14.0313, -15.8215, 0.163789, -0.0326396, -0.0242333, 0.526025, 0.849497
13.9591, -15.9572, 0.095593, -0.0314084, -0.0232502, 0.521504, 0.852353
13.8616, -16.103, 0.231693, -0.0354404, -0.0199661, 0.516543, 0.855295
13.6714, -16.3227, 0.247306, -0.0369219, -0.0139864, 0.509256, 0.859709
13.7169, -16.3331, 0.441059, -0.0404875, -0.0190541, 0.50809, 0.860141
13.7118, -16.3841, 0.545542, -0.0419253, -0.0233718, 0.505593, 0.861436
13.7323, -16.417, 0.561954, -0.0410021, -0.029818, 0.503621, 0.862436
13.8341, -16.3859, 0.488341, -0.0372612, -0.0409737, 0.503554, 0.862187
14.0135, -16.2905, 0.367343, -0.0335232, -0.0451532, 0.505693, 0.860879
14.0673, -16.3061, 0.251253, -0.0315866, -0.0407263, 0.504745, 0.861728
14.1458, -16.3002, 0.257559, -0.032008, -0.0377472, 0.504474, 0.862007
13.9905, -16.5044, 0.11623, -0.0293927, -0.0325404, 0.497922, 0.866113
13.914, -16.6447, -0.0727596, -0.0245346, -0.033286, 0.493237, 0.868912
13.9677, -16.6731, 0.268592, -0.0319616, -0.0362619, 0.492167, 0.869158
14.0042, -16.7193, 0.244467, -0.0303813, -0.0422722, 0.490405, 0.869939
13.9666, -16.8172, 0.387813, -0.034976, -0.0362129, 0.487308, 0.871778
13.9473, -16.9009, 0.355485, -0.0349697, -0.0319195, 0.484587, 0.873461
14.0126, -16.9035, 0.51329, -0.0376216, -0.0351543, 0.48406, 0.873518
14.136, -16.8505, 0.71115, -0.0409872, -0.0390737, 0.485053, 0.872649
14.3075, -16.758, 0.823035, -0.0422321, -0.044156, 0.487206, 0.871147
14.699, -16.4565, 1.11678, -0.0470374, -0.0520282, 0.495376, 0.865843
15.0005, -16.2517, 1.04136, -0.0435646, -0.0582637, 0.500879, 0.862454
15.1407, -16.2066, 0.783399, -0.0385845, -0.0530189, 0.502125, 0.862305
15.3235, -16.1128, 0.627102, -0.036053, -0.0463372, 0.504732, 0.861277
15.386, -16.1362, 0.43137, -0.0326654, -0.039552, 0.504073, 0.862136
15.5004, -16.1126, 0.307294, -0.0291325, -0.0404243, 0.504598, 0.861915
15.6516, -16.0472, 0.509144, -0.0335876, -0.0403639, 0.506351, 0.860727
15.7846, -16.0083, 0.485307, -0.0319062, -0.0448418, 0.507293, 0.860015
16.0092, -15.8596, 0.714411, -0.0374282, -0.0430325, 0.511269, 0.857526
16.1808, -15.7723, 0.64835, -0.0374766, -0.0362869, 0.513749, 0.856353
16.4426, -15.5795, 0.724069, -0.0376239, -0.0400883, 0.518616, 0.853238
16.6213, -15.4756, 0.684515, -0.0368556, -0.037539, 0.521219, 0.8518
16.7887, -15.3661, 0.898625, -0.0406094, -0.0400131, 0.523564, 0.850077
16.9503, -15.2692, 0.937433, -0.0395678, -0.0458794, 0.525532, 0.848614
17.2774, -14.9641, 1.16974, -0.0435942, -0.0492198, 0.532546, 0.843843
17.3225, -15.0104, 1.00022, -0.0407742, -0.0455927, 0.531271, 0.844991
17.3563, -15.0823, 0.554061, -0.0335453, -0.0355562, 0.529624, 0.846823
17.2375, -15.313, 0.31947, -0.0296563, -0.0301423, 0.523836, 0.850769
17.186, -15.4653, 0.114036, -0.0250468, -0.0291345, 0.519872, 0.85338
17.1742, -15.5719, 0.10275, -0.023995, -0.0313347, 0.516966, 0.855096
17.14, -15.703, 0.138052, -0.0235411, -0.0358952, 0.513381, 0.857086
17.0452, -15.8934, 0.149035, -0.0232811, -0.0385453, 0.508314, 0.859994
17.0354, -15.9814, 0.340607, -0.0275037, -0.0391519, 0.50588, 0.861276
17.0924, -16.0042, 0.235081, -0.0258523, -0.0364094, 0.505196, 0.861849
17.2329, -15.9353, 0.168581, -0.0243986, -0.0348638, 0.506735, 0.861051
17.377, -15.8579, 0.137623, -0.0253475, -0.0279543, 0.508522, 0.860222
17.5092, -15.7854, 0.268515, -0.0283818, -0.026714, 0.509884, 0.85936
17.7443, -15.5683, 0.824952, -0.0371939, -0.0377672, 0.51418, 0.856043
18.0186, -15.3144, 0.961862, -0.0379284, -0.0445594, 0.519554, 0.852432
18.0339, -15.3841, 0.826164, -0.0341686, -0.0466619, 0.517462, 0.85375
18.0326, -15.4821, 0.476339, -0.0284353, -0.0400013, 0.514946, 0.855817
17.9462, -15.6687, 0.323607, -0.0278375, -0.0308625, 0.510333, 0.858972
17.8845, -15.8292, 0.159838, -0.0246738, -0.0287624, 0.5062, 0.861583
17.8988, -15.9025, 0.153606, -0.0241576, -0.0294833, 0.504137, 0.862782
17.9536, -15.9306, -0.011334, -0.0191144, -0.0339874, 0.503006, 0.863403
17.9992, -15.9494, 0.372413, -0.0272452, -0.0351631, 0.502216, 0.863597
17.9321, -16.0978, 0.347853, -0.0276681, -0.0324669, 0.49828, 0.865966
17.996, -16.0983, 0.3084, -0.0270198, -0.031162, 0.497853, 0.86628
18.052, -16.1008, 0.34647, -0.0278, -0.0302926, 0.497229, 0.866645
18.019, -16.1958, 0.456296, -0.0299152, -0.0305193, 0.494192, 0.868302
18.1393, -16.1169, 0.471685, -0.0285514, -0.035334, 0.495191, 0.867596
18.3006, -15.9769, 0.740675, -0.03106, -0.0450724, 0.497451, 0.865763
18.2792, -16.0634, 0.675268, -0.0298267, -0.0446567, 0.494689, 0.867409
18.3315, -16.07, 0.500512, -0.0294758, -0.034582, 0.494116, 0.868208
18.1517, -16.333, 0.508557, -0.0295189, -0.0346672, 0.487099, 0.872159
17.9244, -16.656, 0.278581, -0.0259778, -0.0299748, 0.47877, 0.877044
17.7793, -16.8834, 0.200674, -0.023783, -0.031192, 0.472562, 0.880424
17.7012, -17.0327, 0.405642, -0.0267157, -0.0359998, 0.468182, 0.882494
17.4536, -17.3541, 0.440367, -0.0270026, -0.0385737, 0.45948, 0.886939
17.1429, -17.718, 0.601286, -0.0309661, -0.0379475, 0.44954, 0.891917
16.8831, -18.0261, 0.588354, -0.0314075, -0.036159, 0.440952, 0.896252
16.6554, -18.2959, 0.553729, -0.0291903, -0.0406231, 0.433077, 0.899968
16.5357, -18.4615, 0.485511, -0.028487, -0.0373535, 0.428041, 0.902538
16.3796, -18.6467, 0.613954, -0.0294196, -0.0431213, 0.422036, 0.905075
16.3822, -18.6935, 0.622235, -0.0284426, -0.0470641, 0.4199, 0.905903
16.3623, -18.7603, 0.645083, -0.0284799, -0.0489185, 0.417308, 0.907001
16.0733, -19.0702, 0.332912, -0.0247338, -0.0403751, 0.408208, 0.91166
15.7856, -19.3635, 0.217815, -0.0236015, -0.0361975, 0.3993, 0.915802
15.2424, -19.8528, -0.0132296, -0.0201657, -0.0315758, 0.384374, 0.922417
14.7386, -20.2894, -0.25819, -0.0156902, -0.029336, 0.370516, 0.92823
14.2562, -20.6934, -0.0389436, -0.0196955, -0.0323299, 0.357327, 0.933212
13.7718, -21.0792, -0.0806141, -0.0182089, -0.0370368, 0.344114, 0.93802
13.425, -21.3547, 0.110369, -0.0219525, -0.0392579, 0.334425, 0.941348
13.1928, -21.5499, 0.105385, -0.0231286, -0.0342511, 0.327497, 0.943948
13.286, -21.5379, 0.302182, -0.026531, -0.0356456, 0.327732, 0.943725
13.1835, -21.6483, 0.0314827, -0.0212499, -0.0335829, 0.323469, 0.945404
13.0989, -21.7378, 0.149775, -0.022897, -0.0361358, 0.319683, 0.946558
13.1929, -21.7108, 0.374878, -0.0259771, -0.042312, 0.319849, 0.946167
13.3723, -21.6281, 0.629099, -0.0301128, -0.0466567, 0.32205, 0.945093
13.0438, -21.8711, 0.411687, -0.0258532, -0.0477136, 0.312777, 0.948275
12.7857, -22.0606, 0.347019, -0.0257198, -0.0432504, 0.305397, 0.950895
12.2317, -22.4132, 0.0137946, -0.0200765, -0.0390547, 0.291452, 0.955577
11.7222, -22.7234, -0.370653, -0.0133552, -0.0345767, 0.278579, 0.959698
11.1883, -23.0325, -0.464161, -0.0112722, -0.037039, 0.265186, 0.96342
10.6064, -23.3459, -0.442542, -0.011277, -0.0425713, 0.250894, 0.967012
9.81144, -23.7252, -0.374195, -0.012826, -0.0466777, 0.232544, 0.97138
9.03578, -24.0568, -0.54891, -0.0103093, -0.0456727, 0.214864, 0.975521
8.58254, -24.2456, -0.605112, -0.00924212, -0.0473929, 0.203873, 0.977806
8.24985, -24.381, -0.53656, -0.0110363, -0.0440717, 0.195658, 0.979619
7.83127, -24.5321, -0.476021, -0.012326, -0.043983, 0.18557, 0.981569
7.34053, -24.6753, -1.09744, -0.000619648, -0.0429607, 0.17362, 0.983875
7.35495, -24.6949, -0.454776, -0.0129004, -0.0467303, 0.172558, 0.983806
6.99145, -24.8078, -0.441244, -0.0134538, -0.0475374, 0.163607, 0.985288
6.53444, -24.9383, -0.635771, -0.010845, -0.0397914, 0.152992, 0.987366
6.04399, -25.0712, -0.622061, -0.0112231, -0.0407916, 0.141566, 0.989024
5.16321, -25.28, -0.568574, -0.0124859, -0.0438334, 0.122344, 0.991441
4.40837, -25.4359, -0.641337, -0.0114623, -0.0456114, 0.105583, 0.993298
3.92853, -25.5354, -0.440952, -0.0154293, -0.0521766, 0.0943172, 0.994054
3.29383, -25.633, -0.884982, -0.00775685, -0.0476811, 0.0799491, 0.995628
2.87752, -25.6979, -0.862826, -0.0087251, -0.045264, 0.0702879, 0.996461
2.48473, -25.7535, -0.751568, -0.011447, -0.0382243, 0.0613747, 0.997317
2.27953, -25.7801, -0.782443, -0.0106642, -0.0412884, 0.0556113, 0.997541
2.00489, -25.8032, -0.854817, -0.00922756, -0.038971, 0.0486307, 0.998014
1.85483, -25.819, -0.557422, -0.0149231, -0.0384201, 0.0442124, 0.998172
1.98285, -25.807, -0.443321, -0.0169735, -0.0400566, 0.0450148, 0.998039
1.98083, -25.8051, -0.359172, -0.0187734, -0.038185, 0.0434137, 0.998151
1.37361, -25.8403, -0.435499, -0.0178836, -0.0349792, 0.0299736, 0.998778
0.868895, -25.8528, -0.844726, -0.0102893, -0.0326554, 0.0183159, 0.999246
0.369125, -25.8636, -0.881027, -0.00978264, -0.0339897, 0.00683398, 0.999351
-0.070835, -25.8628, -1.08056, -0.00611913, -0.0399166, -0.00382527, 0.999177
-0.61651, -25.8579, -1.129, -0.00574816, -0.049953, -0.0166231, 0.998597
-1.17387, -25.8338, -1.30051, -0.00337126, -0.0618609, -0.0298598, 0.997632
-1.84825, -25.7915, -1.31954, -0.00415477, -0.0681982, -0.0449459, 0.99665
-2.67376, -25.7186, -1.22731, -0.00673742, -0.0617256, -0.062246, 0.996127
-3.07278, -25.667, -1.26548, -0.00621491, -0.0611016, -0.0716673, 0.995536
-3.50599, -25.5943, -1.41785, -0.00338214, -0.0599168, -0.0818865, 0.994833
-3.84908, -25.536, -1.31133, -0.00581324, -0.0637484, -0.0903088, 0.993854
-4.20222, -25.4552, -1.46416, -0.00314611, -0.0633069, -0.0991188, 0.993055
-4.16224, -25.4469, -1.45127, -0.00362164, -0.0661397, -0.100122, 0.992768
-4.35549, -25.4001, -1.43591, -0.0042383, -0.0669358, -0.105547, 0.99215
-4.56333, -25.3361, -1.6747, 0.000724846, -0.059641, -0.111245, 0.992001
-4.78141, -25.2753, -1.75494, 0.00239156, -0.0579926, -0.117225, 0.991408
-5.2242, -25.1779, -1.6429, 0.000320462, -0.0538104, -0.127331, 0.9904
-5.63101, -25.0782, -1.57828, -0.000804316, -0.0495419, -0.136852, 0.989352
-6.00357, -24.9771, -1.56904, -0.00151919, -0.050614, -0.146019, 0.987985
-6.51816, -24.825, -1.67551, -0.000619473, -0.0553523, -0.158283, 0.985841
-7.05949, -24.6587, -1.64963, -0.00192671, -0.0566828, -0.17073, 0.983684
-7.56926, -24.4812, -1.72359, -0.000361585, -0.0512597, -0.182392, 0.981889
-7.76999, -24.3868, -1.83154, 0.0019015, -0.0504884, -0.188098, 0.98085
-8.0453, -24.2757, -1.68212, -0.000904988, -0.0492549, -0.19503, 0.979559
-8.2473, -24.1757, -1.62064, -0.00252474, -0.0521167, -0.200818, 0.978238
-8.43224, -24.0495, -1.9721, 0.00346239, -0.0577257, -0.206959, 0.976639
-8.50622, -23.9652, -2.2326, 0.00757779, -0.0636648, -0.210759, 0.975433
-8.92108, -23.7547, -2.45671, 0.0111244, -0.0658907, -0.221331, 0.972907
-9.18058, -23.6096, -2.54388, 0.0134546, -0.060086, -0.22806, 0.971698
-9.48306, -23.4428, -2.61862, 0.0151, -0.0583388, -0.235961, 0.969892
-9.90335, -23.2436, -2.46459, 0.0126178, -0.0530685, -0.245878, 0.967765
-10.3385, -23.0053, -2.52952, 0.0137856, -0.0521361, -0.256815, 0.964955
-10.7779, -22.7367, -2.73819, 0.0165517, -0.0573659, -0.268562, 0.96141
-11.2621, -22.4396, -2.87353, 0.0180007, -0.0603149, -0.281098, 0.957613
-11.8414, -22.0967, -2.8218, 0.0164792, -0.058868, -0.295155, 0.953492
-12.3163, -21.8088, -2.61023, 0.0131133, -0.051901, -0.306504, 0.950363
-12.4122, -21.7032, -2.58946, 0.0132135, -0.0503696, -0.310277, 0.949219
-12.4624, -21.6254, -2.50772, 0.0130798, -0.0445071, -0.312727, 0.94871
-12.3909, -21.6135, -2.38943, 0.0104407, -0.0467106, -0.312994, 0.948548
-12.2679, -21.6075, -2.46795, 0.0121269, -0.0469252, -0.31228, 0.948753
-12.1127, -21.6267, -2.48233, 0.0121549, -0.0483628, -0.310819, 0.94916
-12.3653, -21.4026, -2.59074, 0.0144771, -0.0463931, -0.318335, 0.946732
-12.5347, -21.2407, -2.55386, 0.0144364, -0.0426503, -0.323703, 0.945087
-12.7906, -21.0328, -2.43451, 0.0125936, -0.0400128, -0.331041, 0.942683
-13.1622, -20.7398, -2.37448, 0.0113035, -0.0400336, -0.341394, 0.938999
-13.6653, -20.3264, -2.52325, 0.0144795, -0.0383634, -0.355126, 0.933919
-13.909, -20.064, -2.76496, 0.0175491, -0.0452046, -0.363641, 0.930276
-14.0786, -19.8795, -2.75157, 0.0146221, -0.0545074, -0.370175, 0.927246
-14.3623, -19.6239, -2.60003, 0.0114656, -0.0527876, -0.378526, 0.924013
-14.3283, -19.6087, -2.35075, 0.00701994, -0.0502173, -0.379171, 0.923936
-14.2232, -19.6171, -2.30275, 0.00724102, -0.0471988, -0.378496, 0.924371
-14.0161, -19.6895, -2.26729, 0.00627977, -0.0502138, -0.375778, 0.925327
-13.8194, -19.7381, -2.32106, 0.00818946, -0.0485955, -0.373263, 0.926416
-13.5728, -19.8314, -2.27295, 0.00857051, -0.0433525, -0.369178, 0.928308
-13.4029, -19.8899, -2.06782, 0.00353709, -0.046582, -0.366994, 0.92905
-13.4901, -19.7665, -1.94465, 0.00299322, -0.0369518, -0.370312, 0.928167
-13.6049, -19.6073, -1.97258, 0.0028613, -0.0404403, -0.375169, 0.92607
-13.8068, -19.3888, -1.95611, 0.00247465, -0.0407857, -0.381987, 0.923264
-13.9992, -19.1416, -2.23295, 0.00873787, -0.0397183, -0.389123, 0.920288
-14.2392, -18.8705, -2.32525, 0.0105273, -0.039411, -0.397272, 0.916794
-14.6101, -18.4734, -2.532, 0.0136545, -0.0426145, -0.409091, 0.911396
-15.0168, -18.0567, -2.51419, 0.0114204, -0.0474213, -0.421634, 0.905453
-15.4729, -17.5837, -2.43111, 0.0100029, -0.0440609, -0.435082, 0.899256
-15.8056, -17.1755, -2.50817, 0.0118634, -0.0431831, -0.446038, 0.893893
-16.0284, -16.8638, -2.48828, 0.0104396, -0.0464116, -0.454333, 0.889561
-16.2518, -16.5148, -2.63688, 0.0131635, -0.0479468, -0.463038, 0.884943
-16.3816, -16.2269, -2.93622, 0.0193349, -0.0489281, -0.469639, 0.88129
-16.4913, -15.9933, -3.03731, 0.0220361, -0.0468789, -0.475001, 0.878459
-16.7312, -15.6471, -2.98822, 0.0213889, -0.0443433, -0.483627, 0.873888
-16.9766, -15.2501, -3.11937, 0.0237656, -0.0457112, -0.493246, 0.868363
-17.3155, -14.7458, -3.1575, 0.0226392, -0.0509405, -0.505876, 0.860803
-17.5758, -14.2715, -3.38576, 0.0270718, -0.0530324, -0.516943, 0.853946
-17.9334, -13.7019, -3.37992, 0.0262823, -0.0533421, -0.530536, 0.845574
-18.1252, -13.2224, -3.78404, 0.0326801, -0.060365, -0.541211, 0.83808
-18.4051, -12.7077, -3.77167, 0.0291101, -0.0669472, -0.553391, 0.829716
-18.7548, -12.1114, -3.55823, 0.0242173, -0.0646983, -0.566865, 0.820909
-18.9198, -11.7796, -3.33018, 0.0200424, -0.0612116, -0.574232, 0.816155
-19.0493, -11.505, -3.03896, 0.0155516, -0.0553788, -0.580166, 0.812465
-19.0237, -11.3981, -3.05256, 0.015858, -0.0561074, -0.582278, 0.810896
-18.9647, -11.341, -3.07309, 0.0177046, -0.0535888, -0.583085, 0.810448
-18.7983, -11.4496, -3.1533, 0.0182281, -0.0571899, -0.580608, 0.811968
-18.6534, -11.5073, -3.31793, 0.0223983, -0.0572168, -0.578885, 0.813091
-18.7089, -11.2934, -3.27618, 0.0234221, -0.052148, -0.583138, 0.810359
-18.6968, -11.1795, -3.27943, 0.0247875, -0.049619, -0.585335, 0.808892
-18.7784, -10.9486, -3.119, 0.0220002, -0.0471505, -0.590439, 0.805404
-18.7738, -10.757, -3.32301, 0.0267649, -0.0485221, -0.594275, 0.802351
-18.7665, -10.6351, -3.28605, 0.0246231, -0.0514503, -0.597261, 0.800016
-18.7681, -10.4832, -3.29001, 0.0236288, -0.0534239, -0.600745, 0.797303
-18.8411, -10.2148, -3.25452, 0.0223115, -0.0536432, -0.606595, 0.792885
-19.0095, -9.75555, -3.21648, 0.0222478, -0.050907, -0.616132, 0.785681
-19.0606, -9.5613, -3.04847, 0.0205124, -0.0454334, -0.620187, 0.782869
-19.0882, -9.31704, -3.17475, 0.0242585, -0.0447166, -0.624908, 0.779039
-19.0747, -9.04803, -3.55806, 0.0314657, -0.0508226, -0.629897, 0.774375
-19.0546, -8.8052, -3.83851, 0.0370625, -0.0546698, -0.634274, 0.770282
-19.0843, -8.48613, -3.99822, 0.0393423, -0.0581358, -0.640408, 0.76482
-19.17, -8.07933, -4.04264, 0.0421326, -0.0544662, -0.647957, 0.758558
-19.323, -7.52846, -3.98505, 0.0440039, -0.0474875, -0.6582, 0.750054
-19.4277, -7.01672, -4.01547, 0.0479424, -0.0418953, -0.667372, 0.741998
-19.5319, -6.5061, -3.96556, 0.0492224, -0.0376734, -0.676743, 0.733605
-19.6129, -5.97348, -3.98725, 0.0518442, -0.0348133, -0.68636, 0.724576
-19.6928, -5.39458, -4.00333, 0.0498241, -0.0393766, -0.69746, 0.713804
-19.6843, -4.85755, -4.33298, 0.0571567, -0.0427632, -0.706555, 0.704049
-19.6564, -4.58308, -4.40692, 0.056162, -0.047863, -0.711873, 0.698421
-19.7312, -4.18898, -4.09153, 0.0480336, -0.0462795, -0.719682, 0.691093
-19.7718, -4.00199, -3.67425, 0.038552, -0.0423636, -0.723777, 0.687653
-19.746, -3.94214, -3.43973, 0.0335227, -0.0402857, -0.725232, 0.686507
-19.6898, -3.91882, -3.30685, 0.029255, -0.0417267, -0.725993, 0.685811
-19.6519, -3.82896, -3.10695, 0.0263421, -0.0376768, -0.727573, 0.684488
-19.5613, -3.9002, -3.04495, 0.0240433, -0.0385651, -0.726418, 0.685749
-19.4531, -4.00432, -3.07817, 0.0255084, -0.0376035, -0.724395, 0.687886
-19.375, -3.85537, -3.25157, 0.0294895, -0.0393626, -0.726748, 0.685142
-19.298, -3.89792, -3.17491, 0.0280216, -0.0384249, -0.726065, 0.685979
-19.2361, -3.79376, -3.15726, 0.0266203, -0.0404343, -0.728089, 0.683771
-19.1899, -3.5509, -3.19077, 0.0283729, -0.0399639, -0.732357, 0.679155
-19.1584, -3.27121, -3.14944, 0.0280291, -0.038783, -0.737407, 0.673751
-19.0726, -3.01953, -3.40063, 0.0310577, -0.0456234, -0.741953, 0.668176
-19.0365, -2.56675, -3.51869, 0.0332961, -0.04731, -0.749783, 0.65915
-19.0329, -2.01666, -3.46521, 0.031852, -0.0466522, -0.759295, 0.64829
-18.9881, -1.67148, -3.47284, 0.0348937, -0.0429428, -0.764821, 0.641862
-18.9485, -1.32726, -3.4053, 0.035704, -0.0394485, -0.770359, 0.635387
-18.8807, -0.980683, -3.43956, 0.0365058, -0.0404991, -0.775917, 0.628474
-18.8553, -0.450857, -3.19373, 0.0318967, -0.0359807, -0.784564, 0.61818
-18.8327, -0.0583507, -2.82901, 0.0257488, -0.027926, -0.790867, 0.610808
-18.7665, 0.267107, -2.73508, 0.0278113, -0.0212838, -0.795642, 0.604754
-18.7136, 0.564953, -2.52482, 0.0239477, -0.0172008, -0.80039, 0.598754
-18.5979, 0.790582, -2.76856, 0.0296252, -0.0208032, -0.803697, 0.593937
-18.5033, 1.22424, -2.71587, 0.0289894, -0.0198563, -0.810547, 0.584619
-18.3622, 1.57251, -2.93899, 0.0342424, -0.0234924, -0.815867, 0.576746
-18.2059, 2.04785, -3.09517, 0.0376344, -0.0263381, -0.823251, 0.565815
-18.0278, 2.42664, -3.37504, 0.0444908, -0.0300639, -0.828862, 0.556871
-17.868, 2.75326, -3.5525, 0.0452733, -0.036399, -0.83413, 0.548501
-17.7431, 3.04361, -3.55704, 0.0448042, -0.0373281, -0.838699, 0.541464
-17.6545, 3.11618, -3.5617, 0.0434316, -0.039462, -0.840039, 0.539342
-17.5432, 3.32547, -3.5416, 0.045213, -0.037495, -0.843029, 0.534651
-17.4311, 3.55471, -3.48138, 0.0421114, -0.0390713, -0.846686, 0.528982
-17.2835, 3.852, -3.50555, 0.0436827, -0.039055, -0.850905, 0.522041
-17.1091, 4.09521, -3.70537, 0.0466011, -0.0443861, -0.854316, 0.515754
-16.9456, 4.44848, -3.70581, 0.0494377, -0.0417305, -0.859113, 0.507681
-16.7658, 4.8763, -3.64875, -0.046041, 0.0430631, 0.865566, -0.49681
-16.6248, 5.19354, -3.51144, -0.0453976, 0.0387147, 0.870007, -0.489417
-16.417, 5.64725, -3.41102, -0.0461938, 0.0349749, 0.876299, -0.47827
-16.2567, 6.01212, -3.12724, -0.0400207, 0.0304246, 0.881725, -0.469077
-16.0869, 6.25992, -3.05857, -0.0387515, 0.0295002, 0.885269, -0.462522
-15.8835, 6.51399, -3.12711, -0.0415136, 0.0300673, 0.888707, -0.455602
-15.6753, 6.81037, -3.09492, -0.0440147, 0.0268357, 0.892637, -0.44782
-15.5127, 6.98006, -3.10852, -0.0434266, 0.0279551, 0.895075, -0.442914
-15.3751, 7.15764, -2.97387, -0.0381168, 0.0274776, 0.897829, -0.43783
-15.2689, 7.19247, -3.02096, -0.0386788, 0.0293136, 0.89825, -0.436798
-15.1357, 7.32839, -2.95369, -0.0359979, 0.0295792, 0.900184, -0.43301
-14.9996, 7.38454, -3.1066, -0.0407474, 0.0321662, 0.900586, -0.431566
-14.8466, 7.51297, -3.16383, -0.045265, 0.0311148, 0.901857, -0.428529
-14.7851, 7.44057, -3.27816, -0.0461603, 0.0346897, 0.900623, -0.430747
-14.6387, 7.60059, -3.23355, -0.0483406, 0.0316486, 0.902471, -0.426859
-14.5243, 7.80965, -2.88337, -0.0425618, 0.0231263, 0.905395, -0.421797
-14.365, 7.97265, -2.85795, -0.0414358, 0.0236498, 0.907643, -0.417022
-14.1681, 8.1752, -2.87515, -0.0415627, 0.0249736, 0.910448, -0.410771
-13.9533, 8.39086, -2.89826, -0.0472513, 0.0225204, 0.913019, -0.404546
-13.7398, 8.5865, -2.93842, -0.0520021, 0.0212304, 0.915388, -0.398634
-13.5319, 8.79132, -2.91022, -0.053574, 0.0194126, 0.918071, -0.392298
-13.3272, 8.93726, -3.05037, -0.0555518, 0.0236782, 0.920047, -0.387125
-13.1586, 9.1038, -2.9518, -0.0514534, 0.0231787, 0.922587, -0.38164
-13.0712, 9.12328, -2.94001, -0.0511747, 0.023559, 0.922745, -0.38127
-12.9713, 9.16763, -2.90718, -0.0488102, 0.0246083, 0.923352, -0.380042
-12.8831, 9.19316, -2.88707, -0.0479677, 0.0249447, 0.923513, -0.379736
-12.7951, 9.21215, -2.89682, -0.0502298, 0.0240676, 0.923311, -0.379993
-12.7671, 9.18033, -2.81161, -0.0505294, 0.0206642, 0.922433, -0.382278
-12.6962, 9.21396, -2.69711, -0.0486768, 0.0177688, 0.922719, -0.381976
-12.6608, 9.22235, -2.48079, -0.0423583, 0.013839, 0.922901, -0.382449
-12.5138, 9.32119, -2.48016, -0.0422485, 0.014526, 0.924219, -0.37924
-12.303, 9.49428, -2.48344, -0.0438019, 0.0145855, 0.92658, -0.373254
-12.0623, 9.68337, -2.53102, -0.0446822, 0.0165121, 0.929337, -0.366147
-11.8052, 9.86115, -2.66829, -0.0523995, 0.0176199, 0.931456, -0.35963
-11.5605, 10.032, -2.76087, -0.0501259, 0.022645, 0.934257, -0.352334
-11.2589, 10.2981, -2.71785, -0.0452209, 0.0241869, 0.938475, -0.341519
-11.0248, 10.4933, -2.62505, -0.0441163, 0.0218788, 0.941251, -0.334097
-10.8316, 10.6304, -2.58065, -0.0450184, 0.0205874, 0.943031, -0.329002
-10.6449, 10.764, -2.52377, -0.0432509, 0.020249, 0.94487, -0.323945
-10.4776, 10.8896, -2.41951, -0.0425112, 0.0174459, 0.946386, -0.319752
-10.3606, 10.8984, -2.64491, -0.0512354, 0.0216849, 0.945782, -0.320001
-10.1926, 10.9937, -2.70392, -0.0566504, 0.0215615, 0.946507, -0.316938
-9.88116, 11.2706, -2.50419, -0.0540937, 0.0161587, 0.950399, -0.305867
-9.60777, 11.4809, -2.38964, -0.0509236, 0.0141244, 0.953448, -0.296889
-9.30611, 11.6952, -2.30249, -0.0452842, 0.0143507, 0.956802, -0.286835
-8.98951, 11.895, -2.26911, -0.0416789, 0.0155128, 0.959881, -0.276859
-8.64649, 12.099, -2.24683, -0.0443389, 0.0144966, 0.962642, -0.266728
-8.31134, 12.2636, -2.35589, -0.0522734, 0.0160068, 0.964591, -0.258022
-7.95717, 12.4348, -2.44962, -0.0539476, 0.019233, 0.967082, -0.247934
-7.60581, 12.6031, -2.50492, -0.0518256, 0.0225812, 0.969759, -0.237426
-7.32869, 12.7475, -2.39904, -0.0457285, 0.0213521, 0.97215, -0.22886
-7.15512, 12.8273, -2.29277, -0.0459801, 0.0182213, 0.973112, -0.22496
-7.01682, 12.8615, -2.35017, -0.0449007, 0.0212452, 0.973614, -0.222728
-6.80701, 12.9522, -2.31278, -0.0472185, 0.0199622, 0.974603, -0.217993
-6.61257, 13.0275, -2.32549, -0.0506262, 0.0198511, 0.975289, -0.214137
-6.40116, 13.11, -2.3416, -0.0528428, 0.0200338, 0.976167, -0.209533
-6.0803, 13.251, -2.29042, -0.0496406, 0.0196199, 0.978318, -0.200114
-5.81184, 13.3737, -2.13919, -0.0401234, 0.0171021, 0.980471, -0.191767
-5.48801, 13.4968, -2.07576, -0.0390591, 0.0159303, 0.982272, -0.182651
-5.10197, 13.634, -1.99565, -0.0365727, 0.0145583, 0.984438, -0.171268
-4.6757, 13.7649, -1.96955, -0.0399124, 0.0138837, 0.986325, -0.159303
-4.24823, 13.8739, -2.01437, -0.0433182, 0.0154364, 0.987979, -0.14759
-3.77429, 13.9937, -1.99829, -0.0459375, 0.0149837, 0.989795, -0.134053
-3.28914, 14.1016, -2.0114, -0.0467321, 0.0159705, 0.991549, -0.119962
-2.77621, 14.2157, -1.92323, -0.0405676, 0.0144237, 0.993643, -0.10402
-2.4132, 14.2826, -1.89374, -0.0388249, 0.0144167, 0.994722, -0.0938806
-2.07909, 14.3395, -1.8927, -0.0396481, 0.0152315, 0.995469, -0.0850773
-1.7649, 14.391, -1.90156, -0.0453979, 0.0159611, 0.995827, -0.0775461
-1.44776, 14.4542, -1.78936, -0.0499743, 0.0123712, 0.996243, -0.0696334
-1.25508, 14.498, -1.67764, -0.0536394, 0.00859514, 0.996351, -0.0658354
-0.926365, 14.5478, -1.55901, -0.051087, 0.00515881, 0.997068, -0.0567421
-0.745413, 14.5699, -1.55347, -0.0462103, 0.00529572, 0.997527, -0.0527
-0.414009, 14.5935, -1.55838, -0.051673, 0.00627669, 0.997649, -0.0445724
-0.0478175, 14.6082, -1.54174, -0.0494779, 0.00667737, 0.998153, -0.0346225
0.214187, 14.6142, -1.50168, -0.0551786, 0.00625111, 0.998038, -0.0289325
0.524184, 14.6122, -1.47635, -0.059977, 0.00615042, 0.997947, -0.0216101
0.801036, 14.6001, -1.5244, -0.0635751, 0.0083383, 0.997823, -0.015427
1.159, 14.5798, -1.57802, -0.0660934, 0.0110365, 0.997733, -0.0062926
1.40881, 14.5639, -1.60474, -0.062343, 0.0122018, 0.99798, -0.000145601
1.4669, 14.5653, -1.60628, -0.065654, 0.0130157, 0.997757, -0.00113259
1.62489, 14.5738, -1.45694, -0.0623599, 0.00843241, 0.998016, 0.00217536
1.8149, 14.5659, -1.44802, -0.0621935, 0.00889442, 0.998007, 0.0058857
1.92425, 14.5872, -1.23604, -0.0663432, 0.00253435, 0.997769, 0.00697097
1.9961, 14.5842, -1.38796, -0.0704697, 0.00823326, 0.997462, 0.0059641
2.16192, 14.5875, -1.30634, -0.0730565, 0.0061535, 0.99727, 0.00880965
2.33911, 14.5682, -1.42362, -0.0668061, 0.00988803, 0.997641, 0.0123432
2.60019, 14.5406, -1.41719, -0.062433, 0.0100368, 0.99782, 0.0188817
2.98787, 14.485, -1.35639, -0.0605161, 0.00901294, 0.997688, 0.0295962
3.16013, 14.4602, -1.31338, -0.0625459, 0.00868179, 0.997477, 0.0324501
3.39733, 14.4151, -1.3127, -0.0625706, 0.00927232, 0.99729, 0.0375742
3.51394, 14.4033, -1.22923, -0.0658444, 0.00723123, 0.997059, 0.0385385
3.66349, 14.3823, -1.21555, -0.0683015, 0.00764421, 0.996806, 0.0406661
3.78325, 14.366, -1.27029, -0.0622799, 0.00868658, 0.997121, 0.042366
3.78761, 14.3891, -1.24255, -0.0583527, 0.00734244, 0.997465, 0.0400549
3.88596, 14.3945, -1.22182, -0.0519709, 0.00595354, 0.997782, 0.0411774
4.05418, 14.3907, -1.15204, -0.0569751, 0.00528495, 0.9974, 0.0438131
4.17765, 14.4145, -0.873209, -0.0637498, -0.00244317, 0.996937, 0.0452356
4.27386, 14.4344, -0.730371, -0.0640827, -0.00721199, 0.996859, 0.0459784
4.57776, 14.3831, -0.73356, -0.0610352, -0.00717448, 0.996656, 0.0538516
4.84034, 14.337, -0.762452, -0.05533, -0.00700013, 0.996611, 0.0604711
5.26156, 14.2309, -0.734405, -0.0529667, -0.00742002, 0.995933, 0.0725006
5.64404, 14.1249, -0.692414, -0.0570535, -0.00653158, 0.99491, 0.0827981
6.10632, 13.9779, -0.541365, -0.0606803, -0.00947639, 0.99347, 0.096155
6.50123, 13.8433, -0.494537, -0.0652828, -0.00884709, 0.992082, 0.106926
6.9504, 13.6711, -0.456719, -0.0664654, -0.00885964, 0.990493, 0.120116
7.40579, 13.4803, -0.487716, -0.0634412, -0.00780269, 0.988933, 0.133889
7.58156, 13.4292, -0.612243, -0.0602757, -0.00404493, 0.988668, 0.137424
7.68395, 13.4234, -0.689577, -0.0593597, -0.000947537, 0.988621, 0.138219
7.77461, 13.4337, -0.717617, -0.0600191, 0.00096385, 0.988546, 0.13847
7.81193, 13.4844, -0.63333, -0.0600757, -0.00159954, 0.988747, 0.136995
7.76523, 13.5825, -0.593911, -0.0644735, -0.00144308, 0.989137, 0.132096
7.77465, 13.6464, -0.55255, -0.0637829, -0.00322957, 0.989498, 0.129675
7.85901, 13.6566, -0.761461, -0.0555424, 0.000820536, 0.98995, 0.130049
8.00291, 13.6406, -0.724999, -0.0539353, -0.000532284, 0.989704, 0.132575
8.25432, 13.5563, -0.705637, -0.0522446, -0.00095195, 0.988925, 0.138914
8.41209, 13.5254, -0.628072, -0.0506673, -0.00355184, 0.988589, 0.141815
8.54067, 13.5125, -0.53816, -0.0505237, -0.00639812, 0.988344, 0.143466
8.72763, 13.4613, -0.486475, -0.0547621, -0.00620759, 0.987604, 0.146971
8.98743, 13.3611, -0.38929, -0.0570096, -0.00810141, 0.986464, 0.153537
9.20354, 13.2807, -0.51075, -0.0552184, -0.00425748, 0.985805, 0.158496
9.31643, 13.2783, -0.351638, -0.0597926, -0.00690478, 0.985323, 0.159736
9.40005, 13.3006, -0.186528, -0.0596477, -0.0119374, 0.985214, 0.160166
9.39892, 13.3858, -0.125581, -0.0597741, -0.0136489, 0.985661, 0.157201
9.38319, 13.4825, -0.0227743, -0.06466, -0.0148225, 0.985898, 0.153637
9.42814, 13.5339, 0.0112091, -0.0662951, -0.0151055, 0.985976, 0.15241
9.49389, 13.5678, -0.049947, -0.0594197, -0.0161736, 0.986441, 0.152122
9.49326, 13.6449, -0.117356, -0.0560453, -0.0152044, 0.987094, 0.149242
9.60155, 13.6422, -0.342462, -0.0475925, -0.0111022, 0.987435, 0.15028
9.70845, 13.64, -0.329619, -0.0442407, -0.0126227, 0.98742, 0.151277
9.8006, 13.6474, -0.246256, -0.0500843, -0.0121577, 0.987141, 0.151315
9.92998, 13.6268, -0.0532656, -0.0540037, -0.0163821, 0.986614, 0.152997
10.087, 13.5853, -0.116529, -0.0519719, -0.0150549, 0.98634, 0.155583
10.2725, 13.5174, -0.421652, -0.0428432, -0.0093572, 0.986248, 0.159347
10.2539, 13.6046, -0.385853, -0.0446535, -0.00932352, 0.986755, 0.155671
10.2474, 13.686, -0.335609, -0.0446535, -0.0105097, 0.987226, 0.152577
10.2702, 13.7529, -0.295073, -0.0479719, -0.00966068, 0.987438, 0.150238
10.2722, 13.8393, -0.095105, -0.0505967, -0.0147278, 0.987666, 0.147439
10.1841, 13.9894, -0.124399, -0.0519129, -0.0133262, 0.988531, 0.141186
10.2761, 14.0045, -0.136944, -0.0484479, -0.0146452, 0.988624, 0.141639
10.3328, 14.0401, -0.216675, -0.0431863, -0.0146675, 0.988974, 0.14089
10.3655, 14.0905, -0.260004, -0.0419426, -0.0135534, 0.989291, 0.139141
10.5071, 14.0596, -0.239162, -0.0428364, -0.0131678, 0.988978, 0.141117
10.6646, 14.0156, -0.105023, -0.0444026, -0.0161857, 0.9885, 0.143647
10.8154, 13.9767, -0.047247, -0.0474934, -0.0161682, 0.988054, 0.145713
11.0617, 13.8617, -0.00234709, -0.0512948, -0.0152778, 0.987042, 0.151273
11.3892, 13.6788, -0.0705731, -0.0519879, -0.0122151, 0.985701, 0.159815
11.5804, 13.602, -0.19754, -0.0491604, -0.00933178, 0.985247, 0.16366
11.7088, 13.5804, -0.204092, -0.0503961, -0.00775178, 0.984934, 0.165244
11.8227, 13.5759, -0.312194, -0.0511764, -0.00313756, 0.98477, 0.166128
11.9434, 13.571, -0.365987, -0.0484034, -0.00280832, 0.984687, 0.167451
11.99, 13.632, -0.23112, -0.047015, -0.00817585, 0.984919, 0.166303
12.0523, 13.6683, -0.330651, -0.0420631, -0.00792155, 0.985241, 0.165735
12.0844, 13.7173, -0.709941, -0.0306509, -0.00266772, 0.985936, 0.164268
12.2689, 13.6333, -0.875657, -0.0249265, -0.000392594, 0.985433, 0.168225
12.6046, 13.4037, -1.00179, -0.0136168, -0.00270388, 0.983908, 0.178135
12.775, 13.3262, -1.03932, -0.00558965, -0.00623578, 0.983317, 0.181707
12.8481, 13.3468, -1.02358, -0.0102816, -0.00372083, 0.98348, 0.180684
12.988, 13.3105, -0.866445, -0.0175236, -0.00443969, 0.983128, 0.182025
13.0514, 13.3445, -0.636373, -0.0263021, -0.00633899, 0.983139, 0.180849
13.0953, 13.3852, -0.64646, -0.0329101, -0.0017636, 0.983276, 0.179113
13.0256, 13.5441, -0.419127, -0.036453, -0.00664856, 0.984106, 0.173673
12.9846, 13.6717, -0.515432, -0.0363823, -0.00327573, 0.984906, 0.169193
13.0008, 13.7544, -0.526423, -0.0417824, 0.00101746, 0.985156, 0.166498
13.1119, 13.7579, -0.109537, -0.0484673, -0.00749869, 0.984606, 0.167767
13.0878, 13.8815, 0.00156441, -0.0567524, -0.00568098, 0.984834, 0.163858
13.1798, 13.8906, 0.0245728, -0.0582223, -0.0053456, 0.984664, 0.164372
13.3312, 13.8384, 0.0929756, -0.05715, -0.00790229, 0.984227, 0.167239
13.5447, 13.723, 0.111942, -0.0535947, -0.0102042, 0.983527, 0.17233
13.8105, 13.5536, 0.122665, -0.0517126, -0.010972, 0.98241, 0.1791
14.075, 13.3777, 0.276566, -0.0538803, -0.0135092, 0.981005, 0.185861
14.2705, 13.2698, 0.40924, -0.0585896, -0.0138656, 0.979941, 0.189978
14.5496, 13.0636, 0.558902, -0.0622711, -0.015557, 0.978228, 0.197357
14.84, 12.8327, 0.683815, -0.0650988, -0.0168367, 0.976363, 0.205414
15.1011, 12.6413, 0.505302, -0.0597431, -0.0146086, 0.97531, 0.212102
15.1825, 12.6506, 0.488977, -0.0598371, -0.0134225, 0.975311, 0.212149
15.3911, 12.5122, 0.451043, -0.0602875, -0.0110007, 0.974237, 0.217038
15.6868, 12.2499, 0.677757, -0.0645813, -0.0139092, 0.971918, 0.225855
15.8597, 12.1446, 0.804973, -0.0656616, -0.0165779, 0.97089, 0.229752
15.9992, 12.0904, 0.775827, -0.0632126, -0.0174457, 0.970488, 0.232062
16.2687, 11.8487, 0.811594, -0.0615224, -0.0194364, 0.968648, 0.239913
16.5006, 11.6614, 0.612745, -0.0520609, -0.0205078, 0.967626, 0.246106
16.7451, 11.4342, 0.642866, -0.0523605, -0.0204577, 0.965797, 0.253131
17.0806, 11.0773, 0.403476, -0.0468307, -0.0165266, 0.963315, 0.263739
17.3862, 10.7349, 0.397764, -0.0433759, -0.0186675, 0.960685, 0.273595
17.6124, 10.4951, 0.586648, -0.0463338, -0.0218251, 0.958564, 0.280234
17.7912, 10.3294, 0.691688, -0.0488636, -0.0228515, 0.957085, 0.284744
17.9007, 10.2911, 0.573603, -0.0517617, -0.0160304, 0.956756, 0.2858
18.0128, 10.2386, 0.491474, -0.0494769, -0.0152573, 0.956424, 0.287354
18.0001, 10.3986, 0.478176, -0.0510726, -0.0130282, 0.95762, 0.283171
17.9806, 10.5861, 0.22732, -0.046961, -0.00830267, 0.959281, 0.278397
17.9263, 10.8285, 0.0270452, -0.0467504, -0.00184679, 0.961144, 0.272053
17.8761, 11.0516, 0.17504, -0.0501198, -0.00368832, 0.962529, 0.266483
17.7207, 11.4324, 0.0642526, -0.0485382, -0.00209402, 0.965326, 0.256485
17.5848, 11.7617, 0.0893267, -0.0490085, -0.00279714, 0.967568, 0.247795
17.5119, 11.9881, -0.216962, -0.0406477, -0.000684935, 0.969459, 0.241859
17.4957, 12.1269, -0.268684, -0.042256, 0.00257117, 0.970308, 0.23814
17.5958, 12.097, -0.208537, -0.0434872, 0.00222693, 0.969995, 0.239195
17.7304, 12.0148, 0.00426609, -0.0447844, -0.00285118, 0.969291, 0.241787
17.8796, 11.9086, 0.172929, -0.0483852, -0.00477751, 0.968355, 0.244795
18.1156, 11.6532, 0.509761, -0.0533833, -0.0107375, 0.966234, 0.251845
18.3462, 11.3969, 0.684824, -0.0575795, -0.01207, 0.964146, 0.258768
18.5668, 11.1728, 0.417805, -0.0550951, -0.00547594, 0.962737, 0.264712
18.7053, 11.0537, 0.601022, -0.0558476, -0.0100091, 0.961736, 0.268038
18.8812, 10.8849, 0.609064, -0.0527818, -0.0124847, 0.960569, 0.2727
19.0072, 10.8141, 0.523345, -0.053784, -0.00816689, 0.959974, 0.274756
19.1405, 10.7024, 0.85168, -0.0588118, -0.0133152, 0.958684, 0.278009
19.2814, 10.5866, 0.969263, -0.0663664, -0.00934927, 0.957297, 0.281229
19.6062, 10.118, 1.03334, -0.0667212, -0.0102521, 0.953672, 0.293176
19.9465, 9.59591, 0.96636, -0.0615096, -0.0125558, 0.949907, 0.306164
20.2855, 9.0216, 1.03719, -0.0595723, -0.0157823, 0.945404, 0.320022
20.6822, 8.29767, 0.846157, -0.0568743, -0.0110756, 0.939735, 0.336957
21.0554, 7.53214, 0.786723, -0.0534943, -0.0116514, 0.933514, 0.354337
21.3868, 6.77191, 0.895872, -0.0562674, -0.0111394, 0.926857, 0.371008
21.6906, 5.99147, 1.0135, -0.0559703, -0.01492, 0.91994, 0.387757
21.9388, 5.32052, 1.0314, -0.0571497, -0.013338, 0.91383, 0.401833
22.2017, 4.50415, 0.868091, -0.0548061, -0.00943497, 0.906404, 0.418736
22.3999, 3.83754, 0.850998, -0.0538316, -0.00907609, 0.900064, 0.432324
22.578, 3.20204, 0.755138, -0.0517743, -0.0071379, 0.893929, 0.445151
22.7321, 2.6442, 0.661961, -0.0508772, -0.00366397, 0.888364, 0.456297
22.8652, 2.14231, 0.650681, -0.0482757, -0.00630002, 0.883243, 0.466381
22.9512, 1.87971, 1.03365, -0.056565, -0.00846951, 0.879945, 0.47162
23.0625, 1.38001, 1.02904, -0.0549584, -0.0102999, 0.874687, 0.481451
23.179, 0.620551, 0.843636, -0.0490007, -0.0116205, 0.866818, 0.496074
23.2648, 0.0795238, 0.775231, -0.0454011, -0.0140393, 0.860998, 0.506383
23.3396, -0.493972, 0.702678, -0.0473083, -0.00676856, 0.854645, 0.517008
23.3838, -1.30001, 0.811276, -0.0469254, -0.0110161, 0.845485, 0.531819
23.402, -2.14558, 0.84587, -0.0460658, -0.0133083, 0.835716, 0.547064
23.3851, -2.91788, 1.19973, -0.0508986, -0.0199241, 0.826241, 0.560658
23.3275, -3.88494, 1.17155, -0.0495239, -0.021121, 0.814511, 0.577644
23.2403, -4.83571, 0.943376, -0.0458634, -0.0172392, 0.802788, 0.594249
23.1342, -5.66286, 0.893813, -0.0437988, -0.0187212, 0.792139, 0.608479
23.0485, -6.3078, 0.807333, -0.0412174, -0.0192675, 0.783668, 0.619512
22.9745, -6.84697, 0.789256, -0.040535, -0.0191005, 0.776364, 0.62869
22.912, -7.31461, 0.752798, -0.0380088, -0.0228294, 0.76986, 0.636671
22.8716, -7.64803, 1.0285, -0.0443492, -0.0224504, 0.764919, 0.642206
22.8059, -8.06522, 1.00689, -0.0433304, -0.0240295, 0.758968, 0.64924
22.6495, -8.72601, 0.73771, -0.0375909, -0.0237218, 0.74962, 0.660375
22.4877, -9.34136, 0.515492, -0.0308273, -0.0290108, 0.740567, 0.670648
22.3244, -9.90568, 0.54153, -0.0316187, -0.0282322, 0.732104, 0.679873
22.1547, -10.46, 0.544294, -0.030254, -0.0323409, 0.723561, 0.688838
21.9206, -11.1185, 0.551067, -0.0309027, -0.0311438, 0.713348, 0.699436
21.7237, -11.6555, 0.748805, -0.0346565, -0.0334368, 0.704706, 0.707863
21.518, -12.157, 1.09333, -0.0422057, -0.033513, 0.696375, 0.715651
21.2693, -12.7307, 1.07203, -0.0423689, -0.0320096, 0.686848, 0.724859
21.1591, -13.0762, 0.753247, -0.0374004, -0.0257002, 0.681332, 0.730567
21.0944, -13.32, 0.639099, -0.0353837, -0.0231429, 0.67727, 0.734519
21.01, -13.5956, 0.33451, -0.0299741, -0.0185652, 0.67262, 0.739148
20.9359, -13.836, 0.290336, -0.0299376, -0.0143322, 0.668344, 0.743111
20.7953, -14.1669, 0.205375, -0.0294685, -0.00932595, 0.662383, 0.748527
20.7397, -14.3638, 0.0334176, -0.0262852, -0.008503, 0.658778, 0.75183
20.5226, -14.7796, 5.87285e-05, -0.024746, -0.0124032, 0.651003, 0.758571
20.311, -15.1731, -0.17295, -0.0210836, -0.0131636, 0.643607, 0.764952
19.9749, -15.7167, 0.0634009, -0.0250328, -0.0167606, 0.633103, 0.773481
19.5183, -16.382, 0.313727, -0.0285981, -0.0238699, 0.619865, 0.783824
19.1822, -16.8746, 0.513092, -0.0309323, -0.0331962, 0.609777, 0.791273
18.9161, -17.2686, 0.74018, -0.033292, -0.0466978, 0.601412, 0.796878
18.5857, -17.7135, 0.903607, -0.0358174, -0.054348, 0.591889, 0.803387
18.3136, -18.06, 1.25438, -0.043022, -0.0552575, 0.584328, 0.80849
17.9451, -18.5178, 1.13955, -0.0422765, -0.0487005, 0.574487, 0.815969
17.8664, -18.6682, 1.21776, -0.0436413, -0.0488887, 0.571172, 0.81821
17.7742, -18.8464, 1.00283, -0.0395192, -0.0475616, 0.567365, 0.821141
17.8939, -18.7947, 1.18267, -0.0418931, -0.0522845, 0.568398, 0.820021
17.932, -18.819, 1.32558, -0.0441346, -0.0546712, 0.56766, 0.82026
18.0625, -18.7219, 1.80557, -0.0533883, -0.0539743, 0.56939, 0.818554
17.5937, -19.2885, 1.15794, -0.0411485, -0.0553546, 0.556807, 0.827773
17.3411, -19.6229, 0.470136, -0.0293478, -0.0466176, 0.549396, 0.833744
17.0732, -19.9379, 0.00826356, -0.0217685, -0.0375563, 0.542102, 0.83919
16.618, -20.3958, -0.00342316, -0.0220735, -0.0342906, 0.53097, 0.846409
16.5095, -20.5631, -0.142513, -0.0196144, -0.0315884, 0.527032, 0.849032
16.1528, -20.9183, -0.611118, -0.0108576, -0.0321298, 0.517812, 0.854822
15.7823, -21.2596, -1.10355, -0.00187058, -0.0332021, 0.508398, 0.86048
15.5157, -21.5315, -1.03214, -0.00429359, -0.0259137, 0.501694, 0.864646
15.4658, -21.6318, -1.16126, -0.00255921, -0.019275, 0.499315, 0.866203
15.5884, -21.6222, -0.894435, -0.00764377, -0.0165521, 0.500181, 0.865729
15.5229, -21.7336, -0.876759, -0.00844274, -0.00988711, 0.497464, 0.867387
15.5155, -21.8012, -0.811111, -0.00894921, -0.015213, 0.495392, 0.86849
15.4902, -21.8748, -0.788422, -0.00829084, -0.025734, 0.492739, 0.869757
15.7147, -21.7787, -0.228543, -0.0185455, -0.0279631, 0.495494, 0.867963
15.4821, -21.9998, -0.310428, -0.0172572, -0.0276687, 0.489162, 0.871583
15.3495, -22.1469, -0.43387, -0.015282, -0.024995, 0.484912, 0.874072
14.9548, -22.47, -0.477401, -0.0144434, -0.0255327, 0.475423, 0.879268
14.556, -22.789, -0.405106, -0.0159925, -0.0230198, 0.466023, 0.884329
14.14, -23.1087, -0.44706, -0.0151192, -0.025067, 0.456135, 0.889429
13.6947, -23.4313, -0.631873, -0.0115945, -0.0311918, 0.445547, 0.89464
13.4064, -23.6512, -0.657841, -0.011264, -0.0339416, 0.43823, 0.898151
12.9718, -23.9434, -0.548622, -0.0137452, -0.0314426, 0.428509, 0.902886
12.7757, -24.0921, -0.675397, -0.0115323, -0.0295334, 0.42326, 0.905453
12.7876, -24.127, -0.705093, -0.010893, -0.0262042, 0.422029, 0.906138
12.8014, -24.1584, -0.59975, -0.0125297, -0.0272671, 0.420676, 0.906715
12.8516, -24.1657, -0.482619, -0.014151, -0.0343546, 0.419788, 0.906861
13.0649, -24.0831, -0.0694266, -0.0212664, -0.0401507, 0.422192, 0.905367
13.0416, -24.1245, -0.0558409, -0.0211952, -0.0466663, 0.419994, 0.906079
12.5666, -24.405, -0.449912, -0.0145519, -0.0455038, 0.409383, 0.911111
12.2802, -24.5747, -0.829821, -0.00800764, -0.0405099, 0.402556, 0.914463
11.9175, -24.785, -0.930321, -0.00651413, -0.0340642, 0.394508, 0.918238
11.7751, -24.8935, -0.911475, -0.00663243, -0.0367325, 0.390092, 0.920019
11.3754, -25.1203, -0.959294, -0.00604063, -0.035315, 0.381091, 0.923843
11.1619, -25.2678, -0.534082, -0.0136978, -0.0454269, 0.375218, 0.925721
10.8513, -25.4397, -0.469909, -0.0151975, -0.0466398, 0.367955, 0.928549
10.3006, -25.6997, -0.53734, -0.0145804, -0.0409103, 0.356623, 0.933238
10.1005, -25.8083, -0.571707, -0.0138857, -0.042847, 0.351404, 0.93514
9.67124, -25.9954, -0.770228, -0.0104259, -0.0368589, 0.3423, 0.93881
9.29238, -26.1608, -0.586376, -0.013779, -0.0357979, 0.334037, 0.941779
8.74843, -26.3613, -0.88387, -0.00874476, -0.0398305, 0.322416, 0.945719
8.28792, -26.5274, -0.975025, -0.00762443, -0.0445363, 0.312371, 0.948885
7.87538, -26.6613, -1.28676, -0.00248107, -0.047452, 0.303219, 0.951735
7.30408, -26.8314, -1.51939, 0.00137983, -0.042311, 0.291788, 0.955546
6.77288, -26.9903, -1.49753, 0.000899577, -0.0385698, 0.281132, 0.958893
6.28938, -27.1244, -1.56543, 0.00221988, -0.0335233, 0.271319, 0.961903
5.96732, -27.2167, -1.66353, 0.00401848, -0.032229, 0.264117, 0.963944
5.65592, -27.3099, -1.69537, 0.00425542, -0.0350809, 0.256875, 0.965798
5.55639, -27.3509, -1.84481, 0.00631931, -0.0423652, 0.253084, 0.966496
5.89723, -27.3217, -1.61794, 0.00219806, -0.046456, 0.25751, 0.965156
6.63186, -27.1897, -1.41945, -0.000470777, -0.0395552, 0.269585, 0.962164
7.68573, -26.9507, -1.10833, -0.00505207, -0.0330461, 0.287314, 0.957253
8.76028, -26.6542, -0.846586, -0.00886608, -0.0316193, 0.3052, 0.951722
9.56271, -26.4033, -0.736587, -0.0101256, -0.0321892, 0.318125, 0.947448
10.3695, -26.1245, -0.493493, -0.0138783, -0.032677, 0.331205, 0.942891
11.2533, -25.7822, -0.0627687, -0.0207534, -0.0377611, 0.345703, 0.937354
11.9274, -25.5032, -0.142474, -0.0189862, -0.0368724, 0.356521, 0.933367
12.1052, -25.4494, -0.234142, -0.0177609, -0.0309499, 0.358461, 0.932862
12.1571, -25.4572, -0.238078, -0.0171127, -0.0363073, 0.357751, 0.932954
11.9851, -25.5727, -0.484021, -0.0124566, -0.0388909, 0.352863, 0.934783
11.7696, -25.7153, -0.356423, -0.0143123, -0.0444077, 0.347181, 0.936637
11.5371, -25.8648, -0.317639, -0.0145414, -0.0533872, 0.341004, 0.938432
11.3628, -25.9831, -0.530594, -0.0108444, -0.0571569, 0.335936, 0.940087
11.672, -25.8874, -0.181939, -0.0163307, -0.0624816, 0.340094, 0.938171
11.9674, -25.788, 0.140258, -0.0219346, -0.0589754, 0.344413, 0.936707
12.1992, -25.7163, -0.0601523, -0.0182124, -0.0559006, 0.347101, 0.935983
12.4418, -25.6344, -0.0567212, -0.0182432, -0.0509808, 0.350208, 0.935106
12.6544, -25.5607, 0.0235521, -0.0191991, -0.051266, 0.352595, 0.934174
12.8822, -25.4742, -0.0360467, -0.0176797, -0.0524259, 0.355145, 0.933173
13.3471, -25.2602, 0.0789106, -0.0193238, -0.0519667, 0.362296, 0.930413
13.7729, -25.0572, 0.23529, -0.021646, -0.0518051, 0.368841, 0.927795
13.7754, -25.0888, 0.0518117, -0.0191508, -0.0457238, 0.367526, 0.928691
13.5706, -25.2307, -0.34406, -0.0117472, -0.048982, 0.361915, 0.930849
13.4056, -25.3551, -0.276937, -0.0130776, -0.0468201, 0.357511, 0.932643
13.3871, -25.4046, -0.386172, -0.0112068, -0.0447858, 0.355633, 0.933485
13.6697, -25.2998, -0.19792, -0.0141524, -0.0454994, 0.359323, 0.931996
13.8177, -25.263, -0.345221, -0.0115405, -0.0454867, 0.360384, 0.931623
14.1616, -25.1147, -0.189416, -0.0145138, -0.0418682, 0.36546, 0.929772
14.254, -25.1032, -0.218531, -0.0147757, -0.0359428, 0.365871, 0.929854
14.668, -24.9016, -0.400215, -0.0120948, -0.0298073, 0.372245, 0.927577
15.069, -24.6979, -0.508317, -0.0109287, -0.0225816, 0.378468, 0.925274
15.4912, -24.4753, -0.332424, -0.0136812, -0.0224604, 0.384893, 0.922586
15.9052, -24.2438, -0.462773, -0.0104424, -0.0265889, 0.390988, 0.919952
16.3653, -23.976, -0.280242, -0.0131067, -0.0288842, 0.398161, 0.916767
16.7039, -23.7806, -0.383516, -0.0111219, -0.0292725, 0.40309, 0.914625
17.0126, -23.6005, -0.610543, -0.00802836, -0.024233, 0.40767, 0.912772
17.2382, -23.479, -0.770007, -0.00507745, -0.0237755, 0.410497, 0.911538
17.242, -23.5278, -0.796508, -0.00459416, -0.0229634, 0.408996, 0.912236
17.2328, -23.5906, -0.824729, -0.00261478, -0.0292143, 0.406915, 0.912995
17.1608, -23.709, -0.527061, -0.00640033, -0.0361802, 0.403685, 0.91416
17.0377, -23.8545, -0.530985, -0.00454245, -0.0453414, 0.399323, 0.915677
17.0943, -23.87, -0.13166, -0.0105314, -0.0497044, 0.398922, 0.915576
17.0674, -23.9388, -0.172231, -0.0117309, -0.0412202, 0.397142, 0.916756
17.2485, -23.8543, -0.0823816, -0.0138259, -0.0375556, 0.399245, 0.915971
17.2542, -23.8906, 0.126126, -0.018235, -0.0330587, 0.398034, 0.916593
17.2037, -23.9661, 0.0898574, -0.0176105, -0.0323299, 0.395481, 0.917736
17.2016, -24.0025, -0.0865837, -0.0142461, -0.0336967, 0.393735, 0.918496
17.3168, -23.9514, 0.113511, -0.0172372, -0.0362319, 0.394409, 0.918059
17.1333, -24.1182, -0.0885474, -0.0143297, -0.0347624, 0.389333, 0.920329
16.8371, -24.359, -0.23309, -0.0129542, -0.0307751, 0.382276, 0.923445
16.2545, -24.7826, -0.399621, -0.00977719, -0.0331515, 0.369648, 0.928529
15.553, -25.2654, -0.215243, -0.0129565, -0.0342841, 0.35508, 0.934117
14.5722, -25.8789, -0.477237, -0.00940604, -0.0315567, 0.335486, 0.94147
13.5262, -26.4809, -0.2482, -0.0128039, -0.0387457, 0.314851, 0.948264
12.2408, -27.1314, -0.421873, -0.00949563, -0.0489376, 0.289994, 0.955729
10.9378, -27.7113, -0.0504828, -0.0169454, -0.0490554, 0.266013, 0.962571
9.41644, -28.2874, -0.248842, -0.0154415, -0.0424408, 0.23844, 0.970107
8.34849, -28.6373, -0.340716, -0.0144577, -0.0427757, 0.218797, 0.974725
7.09586, -28.9852, -0.269865, -0.0166152, -0.0368559, 0.196461, 0.979678
6.1322, -29.2093, -0.0255297, -0.0209426, -0.0432399, 0.178841, 0.982704
5.0828, -29.4113, -0.136603, -0.0197542, -0.0437004, 0.159799, 0.985984
4.45265, -29.5129, 0.0484163, -0.0233426, -0.0530975, 0.14781, 0.987314
3.42929, -29.6477, -0.570787, -0.0138791, -0.0524021, 0.128915, 0.990173
2.05973, -29.7741, -0.7751, -0.0112294, -0.039313, 0.105059, 0.993625
1.07976, -29.8182, -1.14498, -0.00550688, -0.0381846, 0.0872224, 0.995442
-0.01963, -29.8388, -1.25628, -0.00406069, -0.0367604, 0.0674909, 0.997034
-1.0368, -29.8157, -1.54391, 0.000622581, -0.0332604, 0.0490473, 0.998242
-1.98164, -29.7747, -1.57445, 0.0006443, -0.0333213, 0.031707, 0.998941
-2.73979, -29.725, -1.51652, -0.000998561, -0.034669, 0.0174655, 0.999246
-2.90436, -29.73, -1.14529, -0.00714444, -0.0313571, 0.0136455, 0.99939
-3.12788, -29.7101, -1.10246, -0.00839611, -0.034857, 0.00841139, 0.999322
-3.38443, -29.6809, -1.15609, -0.00705519, -0.030301, 0.00291178, 0.999512
-3.51556, -29.6598, -1.21889, -0.00590435, -0.0305606, -0.00065776, 0.999515
-3.82494, -29.601, -1.47919, -0.00163098, -0.0317079, -0.00742438, 0.999468
-4.061, -29.538, -1.8281, 0.00413491, -0.0325503, -0.0130311, 0.999377
-3.6958, -29.5642, -1.88312, 0.00473584, -0.0365126, -0.00847841, 0.999286
-3.79096, -29.5592, -1.42056, -0.0029, -0.0331053, -0.0109735, 0.999387
-4.17542, -29.4789, -1.70696, 0.00158812, -0.0342093, -0.0189879, 0.999233
-4.44589, -29.4237, -1.73505, 0.00212966, -0.0329545, -0.0248016, 0.999147
-4.8619, -29.3471, -1.67647, 0.00109125, -0.0330479, -0.0331775, 0.998902
-5.59045, -29.2007, -1.71696, 0.00159599, -0.0331737, -0.047099, 0.998338
-6.38865, -29.0319, -1.54192, -0.000799605, -0.0272421, -0.0619543, 0.997707
-7.04319, -28.8685, -1.45863, -0.00267279, -0.0278925, -0.0747979, 0.996805
-7.4638, -28.7389, -1.5787, -0.000882691, -0.0276703, -0.0836558, 0.99611
-8.32748, -28.491, -1.38255, -0.00429014, -0.0254553, -0.0999552, 0.994657
-8.96074, -28.2698, -1.48138, -0.00208835, -0.0215973, -0.112366, 0.99343
-9.67705, -28.002, -1.50671, -0.00233492, -0.0245133, -0.126594, 0.991649
-9.9769, -27.8508, -1.60372, -0.000277649, -0.0227949, -0.133395, 0.990801
-10.2263, -27.7007, -1.80731, 0.00302948, -0.0235916, -0.139548, 0.98993
-10.2694, -27.6381, -1.73479, -5.45944e-05, -0.0318215, -0.142127, 0.989337
-10.6191, -27.4635, -1.6068, -0.00311362, -0.0345734, -0.149882, 0.988094
-11.0974, -27.2411, -1.36333, -0.00523745, -0.0236541, -0.15935, 0.986925
-11.6434, -26.9614, -1.45975, -0.00442499, -0.0267715, -0.170939, 0.984908
-12.5133, -26.5241, -1.42108, -0.00530723, -0.0266208, -0.188493, 0.981699
-12.9894, -26.2402, -1.54608, -0.00414903, -0.030283, -0.199217, 0.979479
-13.8448, -25.7431, -1.73043, -0.00138316, -0.0302562, -0.217154, 0.975667
-14.5047, -25.3086, -2.05541, 0.00212953, -0.0361941, -0.231997, 0.972041
-15.1394, -24.8914, -2.02815, 9.43179e-05, -0.0393492, -0.246004, 0.96847
-15.793, -24.4267, -2.12515, 0.00199617, -0.0371613, -0.260405, 0.964782
-16.0247, -24.2138, -2.25286, 0.00356834, -0.0392477, -0.266774, 0.962953
-16.3075, -23.9761, -2.16513, 0.00232769, -0.0381254, -0.273834, 0.961018
-16.5122, -23.7686, -2.19908, 0.00295449, -0.0382339, -0.279629, 0.959342
-16.6771, -23.5759, -2.29953, 0.0047406, -0.0382853, -0.284733, 0.95783
-16.5274, -23.5773, -2.6525, 0.00751889, -0.0493625, -0.284312, 0.957431
-16.6959, -23.3466, -3.04427, 0.0143782, -0.0497513, -0.289914, 0.955651
-17.072, -23.0089, -3.03609, 0.0163299, -0.042756, -0.298851, 0.953202
-17.2286, -22.8307, -2.99043, 0.0173838, -0.0374666, -0.30338, 0.951974
-17.5479, -22.5606, -2.62617, 0.0131746, -0.0302902, -0.310986, 0.94984
-17.7654, -22.3138, -2.6642, 0.0142969, -0.0294196, -0.317439, 0.947714
-17.9946, -22.0938, -2.32802, 0.0084197, -0.0281196, -0.323776, 0.945678
-18.357, -21.7532, -1.99763, 0.00204092, -0.0276575, -0.333096, 0.942485
-18.593, -21.4599, -2.21403, 0.00333061, -0.0342366, -0.340596, 0.93958
-18.9121, -21.1108, -2.16464, 0.000664978, -0.0378361, -0.349522, 0.936164
-19.2272, -20.7519, -2.12908, 0.00121393, -0.0342874, -0.358155, 0.933031
-19.4396, -20.4929, -1.90671, -0.00162782, -0.0308898, -0.364393, 0.930731
-19.652, -20.1944, -1.95459, -0.00188845, -0.0338202, -0.371405, 0.927853
-19.9752, -19.763, -2.10515, 0.00129826, -0.0328061, -0.38109, 0.923955
-20.1602, -19.4776, -2.06016, -0.00046975, -0.0343968, -0.387552, 0.921206
-20.2315, -19.2805, -2.27385, 0.00448389, -0.0321783, -0.391513, 0.919599
-20.5302, -18.8979, -1.94765, -0.000391303, -0.0280472, -0.400193, 0.916001
-20.6745, -18.644, -1.93836, 0.00207837, -0.0219811, -0.405521, 0.913819
-20.8636, -18.3452, -1.84146, 0.00242567, -0.0171086, -0.411996, 0.911022
-21.0644, -17.9936, -2.04756, 0.00582653, -0.0187743, -0.419571, 0.90751
-21.3629, -17.5399, -2.01003, 0.00483849, -0.0190628, -0.429475, 0.902864
-21.6194, -17.0792, -2.3272, 0.00885528, -0.0234469, -0.439132, 0.898073
-21.8239, -16.7256, -2.22873, 0.0055634, -0.0255225, -0.446794, 0.894256
-22.0928, -16.2868, -1.99615, 0.00172985, -0.0231561, -0.455931, 0.889712
-22.173, -16.0698, -1.94202, 0.00159789, -0.0213046, -0.460286, 0.887513
-22.2692, -15.8541, -1.60274, -0.00642633, -0.0235367, -0.464931, 0.885011
-22.4208, -15.4651, -2.00756, 0.00115226, -0.0249554, -0.472254, 0.881108
-22.4985, -15.2094, -2.09314, 0.00311179, -0.0243776, -0.476997, 0.878561
-22.2451, -15.4044, -2.4433, 0.00678714, -0.0314528, -0.472944, 0.880505
-21.918, -15.7016, -2.7423, 0.01194, -0.0339802, -0.46657, 0.883751
-21.8262, -15.7609, -2.45059, 0.00722766, -0.031374, -0.465494, 0.884465
-21.7944, -15.7026, -2.38048, 0.00820105, -0.0266623, -0.466444, 0.884111
-21.7765, -15.604, -2.47475, 0.0090916, -0.0290251, -0.468477, 0.882952
-21.6377, -15.6351, -2.81075, 0.0136844, -0.0343884, -0.467774, 0.883073
-21.6057, -15.5544, -2.91935, 0.0150804, -0.0362859, -0.469532, 0.882041
-21.5424, -15.4624, -3.29748, 0.0207605, -0.040799, -0.471215, 0.880829
-21.4071, -15.5567, -3.24237, 0.0187844, -0.0425023, -0.469603, 0.881654
-21.3703, -15.5434, -3.01685, 0.0144368, -0.0416585, -0.470237, 0.881438
-21.2342, -15.65, -2.85004, 0.00941242, -0.0453501, -0.468463, 0.882268
-21.3114, -15.4945, -2.45753, 0.00341045, -0.0408849, -0.471851, 0.880723
-21.3899, -15.2465, -2.55028, 0.00604217, -0.0397289, -0.476641, 0.878179
-21.5496, -14.8671, -2.6654, 0.00833275, -0.0397731, -0.484029, 0.874108
-21.5651, -14.7152, -2.65617, 0.00635608, -0.0429703, -0.487067, 0.872284
-21.6483, -14.4294, -2.86097, 0.0108047, -0.0425126, -0.492362, 0.869285
-21.8623, -14.0114, -2.68106, 0.0089129, -0.0380858, -0.500586, 0.864803
-22.0861, -13.4972, -2.82692, 0.0125932, -0.0368976, -0.51035, 0.859082
-22.3828, -12.8716, -2.78022, 0.0127812, -0.0344758, -0.522355, 0.851935
-22.5114, -12.4831, -2.87104, 0.0155696, -0.0331941, -0.52962, 0.847442
-22.66, -12.0424, -2.96678, 0.0174116, -0.03347, -0.537949, 0.842133
-22.6324, -11.8439, -3.38528, 0.0228204, -0.0403661, -0.541634, 0.839335
-22.659, -11.6331, -3.46229, 0.0245138, -0.0402328, -0.545619, 0.836708
-22.7761, -11.3066, -3.29272, 0.0206975, -0.0398154, -0.552078, 0.832584
-22.7151, -11.3432, -3.08512, 0.0169717, -0.0383405, -0.551761, 0.832948
-22.6211, -11.3779, -3.09167, 0.0171109, -0.039044, -0.55117, 0.833304
-22.5268, -11.4311, -2.97605, 0.0136948, -0.0410838, -0.5504, 0.833777
-22.4776, -11.3474, -3.00623, 0.0127141, -0.0443487, -0.551939, 0.832607
-22.4441, -11.2603, -2.91302, 0.0110073, -0.0435055, -0.553457, 0.831668
-22.304, -11.4219, -2.68325, 0.00856235, -0.038697, -0.550304, 0.834023
-22.4294, -11.0508, -2.46288, 0.00498771, -0.0356824, -0.557212, 0.829588
-22.4583, -10.8196, -2.46524, 0.00771068, -0.0311971, -0.561195, 0.82706
-22.5699, -10.4263, -2.34369, 0.00623618, -0.029039, -0.568438, 0.82219
-22.6583, -10.0471, -2.28651, 0.00629202, -0.0268879, -0.575362, 0.817433
-22.7798, -9.53165, -2.39324, 0.00645431, -0.0305052, -0.584835, 0.810552
-22.8169, -9.1332, -2.74501, 0.0087321, -0.0398499, -0.592196, 0.804761
-22.8253, -8.83464, -2.95125, 0.0145313, -0.0381877, -0.597251, 0.801013
-22.8947, -8.51922, -2.67943, 0.00795399, -0.0378433, -0.603218, 0.796638
-22.8584, -8.34405, -2.8444, 0.0114732, -0.0388787, -0.606191, 0.794285
-22.892, -8.05104, -2.73011, 0.0112143, -0.0352744, -0.611211, 0.790602
-22.9024, -7.78559, -2.66233, 0.0074581, -0.0384869, -0.615963, 0.786799
-22.893, -7.4682, -2.89187, 0.0113418, -0.0411609, -0.621186, 0.782499
-22.8858, -7.20101, -2.96008, 0.0158467, -0.0367925, -0.625344, 0.77932
-22.8764, -6.94083, -3.02169, 0.0205324, -0.0321763, -0.629356, 0.776179
-22.8512, -6.87154, -2.73184, 0.0163668, -0.0276317, -0.630714, 0.77535
-22.8282, -6.74726, -2.52705, 0.0129494, -0.0252776, -0.633046, 0.773593
-22.8792, -6.31112, -2.42593, 0.0104916, -0.0252928, -0.640721, 0.767286
-22.882, -5.98448, -2.46932, 0.0105476, -0.0269714, -0.646542, 0.762329
-22.7968, -5.92008, -2.71627, 0.0122209, -0.0337596, -0.648099, 0.760709
-22.6999, -5.98147, -2.79995, 0.0140852, -0.0341607, -0.647387, 0.761266
-22.491, -6.43428, -2.95132, 0.0151276, -0.0387166, -0.640144, 0.76713
-22.2847, -6.92156, -2.91888, 0.0134183, -0.0406957, -0.632193, 0.773625
-22.1427, -7.23622, -2.70035, 0.0115658, -0.035713, -0.626869, 0.77822
-21.9629, -7.5995, -2.5703, 0.0105467, -0.0329636, -0.620514, 0.783432
-21.7653, -7.98923, -2.40927, 0.00648623, -0.0336568, -0.613697, 0.788798
-21.5341, -8.36468, -2.51028, 0.00637371, -0.0385953, -0.606856, 0.793848
-21.3718, -8.55048, -2.60493, 0.00876144, -0.0387441, -0.603155, 0.796634
-21.2886, -8.55985, -2.6323, 0.0117879, -0.0349165, -0.602578, 0.797208
-21.333, -8.31511, -2.44369, 0.0122002, -0.0262495, -0.606757, 0.79436
-21.3388, -8.15865, -2.2561, 0.0132578, -0.0170221, -0.609188, 0.792732
-21.3866, -7.92154, -1.86777, 0.00362827, -0.0166829, -0.61387, 0.789223
-21.4063, -7.63918, -1.90131, 0.00347799, -0.0185858, -0.618938, 0.785213
-21.4401, -7.29455, -1.97762, 0.00335628, -0.0219827, -0.625168, 0.780174
-21.4429, -6.98667, -2.18165, 0.00747124, -0.0237912, -0.630468, 0.775815
-21.4898, -6.59824, -2.14127, 0.00658551, -0.0229488, -0.637333, 0.770218
-21.4456, -6.4229, -2.32886, 0.00812721, -0.0279495, -0.640404, 0.767487
-21.4257, -6.19171, -2.41973, 0.00810155, -0.0315645, -0.644497, 0.763912
-21.3446, -6.17198, -2.50355, 0.00998025, -0.0326719, -0.644651, 0.763713
-21.2656, -6.20002, -2.40999, 0.00826543, -0.0319912, -0.643985, 0.764324
-21.1823, -6.18217, -2.4269, 0.008366, -0.032945, -0.644021, 0.764252
-21.0995, -6.1649, -2.42439, 0.0112124, -0.028578, -0.643711, 0.764652
-20.9813, -6.26771, -2.46728, 0.011288, -0.0301443, -0.641513, 0.766436
-20.9067, -6.19774, -2.59389, 0.0133098, -0.032276, -0.642424, 0.765554
-20.8791, -6.08505, -2.42939, 0.0105415, -0.0296356, -0.644296, 0.764129
-20.8683, -5.81672, -2.46838, 0.0173239, -0.0215163, -0.648412, 0.760788
-20.8201, -5.57822, -2.6921, 0.0205221, -0.0265316, -0.652577, 0.756979
-20.7601, -5.54473, -2.5589, 0.0170629, -0.0263817, -0.653321, 0.756429
-20.6743, -5.47582, -2.71224, 0.0190983, -0.029681, -0.654507, 0.755232
-20.6354, -5.24607, -2.83544, 0.0228105, -0.0291602, -0.658387, 0.751769
-20.6087, -4.97057, -2.93581, 0.0250671, -0.0300365, -0.663172, 0.747444
-20.609, -4.79632, -2.62791, 0.0193109, -0.025616, -0.666454, 0.744856
-20.5928, -4.59279, -2.45255, 0.0159743, -0.0235848, -0.670084, 0.741739
-20.5774, -4.31738, -2.35152, 0.0143034, -0.0222726, -0.674807, 0.737519
-20.5611, -4.01291, -2.25655, 0.0109619, -0.0231893, -0.680099, 0.732671
-20.5091, -3.74627, -2.40129, 0.0151799, -0.0232017, -0.684269, 0.728702
-20.4681, -3.55202, -2.35372, 0.0144314, -0.0220242, -0.687422, 0.725781
-20.4642, -3.19849, -2.1931, 0.0132844, -0.0168795, -0.693354, 0.720277
-20.4213, -2.99765, -2.15125, 0.0126101, -0.0161485, -0.696728, 0.717043
-20.4063, -2.59137, -2.06716, 0.0110848, -0.0150129, -0.703777, 0.710176
-20.3475, -2.23029, -2.27771, 0.0164166, -0.0169225, -0.709828, 0.70398
-20.2916, -1.8415, -2.41732, 0.0180103, -0.0205025, -0.716603, 0.696947
-20.1808, -1.50272, -2.88582, 0.0257264, -0.0291988, -0.722281, 0.690504
-20.1095, -1.03182, -3.05542, 0.0268087, -0.0341644, -0.730431, 0.681604
-20.0624, -0.335746, -3.01982, 0.0257087, -0.0338686, -0.742186, 0.668844
-20.0194, 0.336437, -2.80041, 0.0187228, -0.0332549, -0.75367, 0.656144
-19.9315, 0.920503, -2.77794, 0.0191359, -0.0320948, -0.763113, 0.645184
-19.8091, 1.27118, -2.99477, 0.0215211, -0.037752, -0.768733, 0.638092
-19.681, 1.54036, -3.22768, 0.0238215, -0.0441173, -0.772965, 0.632465
-19.5463, 1.89177, -3.39997, 0.0249953, -0.0491273, -0.778467, 0.625261
-19.4492, 2.31372, -3.26639, 0.0241338, -0.0448376, -0.784916, 0.617506
-19.3014, 3.02109, -3.1292, 0.0213823, -0.0422908, -0.795961, 0.60349
-19.0954, 3.81931, -3.0787, 0.0230228, -0.038714, -0.808025, 0.587424
-18.7928, 4.71408, -3.23993, 0.0289447, -0.039186, -0.82127, 0.568457
-18.4095, 5.79815, -3.2137, 0.0286388, -0.0388923, -0.837458, 0.544363
-18.016, 6.58929, -3.4466, 0.031476, -0.044673, -0.849112, 0.525378
-17.5591, 7.37824, -3.7683, 0.0355575, -0.0521907, -0.860576, 0.505392
-17.043, 8.335, -3.75659, -0.0393641, 0.0490818, 0.873975, -0.481881
-16.504, 9.23375, -3.69281, -0.0379766, 0.0482001, 0.886678, -0.458297
-15.9508, 10.1312, -3.39643, -0.0317202, 0.0431744, 0.899258, -0.434125
-15.4756, 10.8056, -3.14002, -0.0315012, 0.0359436, 0.908222, -0.415751
-15.0027, 11.4187, -2.88998, -0.0280049, 0.0309526, 0.916399, -0.398083
-14.5283, 11.9164, -2.94556, -0.0268739, 0.0338549, 0.923, -0.382364
-14.0411, 12.4199, -2.89974, -0.0274496, 0.0326407, 0.929396, -0.366612
-13.5943, 12.7871, -3.13408, -0.0359741, 0.0357437, 0.933709, -0.354423
-13.1758, 13.1796, -3.04206, -0.0348053, 0.0338464, 0.938635, -0.341478
-12.5541, 13.7491, -2.88565, -0.028632, 0.0323778, 0.946047, -0.321135
-11.945, 14.2586, -2.74266, -0.0286376, 0.0286616, 0.952291, -0.302492
-11.2696, 14.7665, -2.64956, -0.0281694, 0.0267886, 0.958524, -0.282348
-10.6455, 15.1865, -2.56946, -0.0240327, 0.0265699, 0.963804, -0.264193
-9.97191, 15.6032, -2.46337, -0.0230741, 0.0243672, 0.968879, -0.24525
-9.16129, 16.0365, -2.51109, -0.0362346, 0.0222337, 0.973644, -0.224077
-8.42801, 16.4081, -2.37099, -0.0459206, 0.0161996, 0.97756, -0.204954
-7.84742, 16.6431, -2.44855, -0.0500464, 0.0180022, 0.980243, -0.19051
-7.33588, 16.8201, -2.58426, -0.0445223, 0.0238129, 0.982841, -0.17741
-6.89296, 16.9782, -2.54874, -0.0429341, 0.0238666, 0.984827, -0.166444
-6.44144, 17.1455, -2.38012, -0.0341554, 0.0217478, 0.987165, -0.154486
-6.15558, 17.2203, -2.39028, -0.0329782, 0.0227258, 0.988116, -0.148401
-5.72712, 17.3453, -2.36308, -0.0381983, 0.0215486, 0.989344, -0.138836
-5.45877, 17.3954, -2.47684, -0.0408721, 0.0245087, 0.989857, -0.133833
-5.13734, 17.4789, -2.43439, -0.0416432, 0.0235119, 0.990765, -0.126876
-4.50112, 17.6519, -2.26746, -0.0344766, 0.0205112, 0.9931, -0.110198
-3.84113, 17.8161, -1.99829, -0.0325041, 0.0139972, 0.995001, -0.0933834
-3.10339, 17.9354, -2.01754, -0.0290785, 0.0156956, 0.996652, -0.074785
-2.38355, 18.0291, -1.94535, -0.031154, 0.014396, 0.997773, -0.0572023
-1.67644, 18.0911, -1.88469, -0.0323639, 0.013374, 0.998586, -0.0400083
-0.876605, 18.1246, -1.89417, -0.0348305, 0.0141284, 0.999084, -0.0204757
-0.184912, 18.1336, -1.84281, -0.0358416, 0.0131818, 0.999264, -0.00360542
0.439922, 18.1087, -1.94823, -0.0344038, 0.0166457, 0.999202, 0.0115923
0.861519, 18.0926, -1.91937, -0.0329438, 0.0162968, 0.999095, 0.0213846
1.27523, 18.0693, -1.92372, -0.0353439, 0.0172082, 0.998759, 0.0305867
1.66396, 18.0393, -2.00416, -0.0352112, 0.0201132, 0.998409, 0.0391811
2.04251, 18.0206, -1.96951, -0.035546, 0.019686, 0.998047, 0.047456
2.33832, 17.9963, -2.06664, -0.0438468, 0.0232515, 0.99738, 0.0526355
2.70127, 17.9828, -1.92153, -0.0477105, 0.0199462, 0.996833, 0.0604192
3.27669, 17.9089, -1.90879, -0.0423253, 0.0197158, 0.996107, 0.0747675
3.77231, 17.8435, -1.8116, -0.0366569, 0.0169762, 0.995385, 0.087044
4.4626, 17.7086, -1.78484, -0.0328625, 0.0166623, 0.99384, 0.104517
5.24491, 17.5197, -1.74596, -0.0302205, 0.0161477, 0.991627, 0.124503
6.0803, 17.2844, -1.59988, -0.0295845, 0.0128648, 0.988758, 0.146006
6.93258, 17.0087, -1.32765, -0.0364511, 0.00760328, 0.985128, 0.167741
7.80701, 16.6618, -1.25188, -0.0389266, 0.00688149, 0.980842, 0.190753
8.72014, 16.2381, -1.25732, -0.0413447, 0.00871659, 0.975622, 0.215354
9.51026, 15.8308, -1.22248, -0.0420698, 0.00906837, 0.970565, 0.236964
10.2329, 15.435, -0.989332, -0.044135, 0.00451492, 0.965398, 0.25698
10.8535, 15.0647, -0.970672, -0.0401619, 0.00375366, 0.960784, 0.274349
11.375, 14.7437, -0.991987, -0.0373142, 0.0040841, 0.956695, 0.288662
11.7773, 14.5077, -0.843741, -0.0435097, 0.00287083, 0.953296, 0.298872
12.154, 14.2802, -0.506081, -0.0451548, -0.00564635, 0.94997, 0.309009
12.7198, 13.8528, -0.392036, -0.0432411, -0.00896086, 0.944426, 0.325745
13.1739, 13.4959, -0.379711, -0.0369007, -0.0115513, 0.939905, 0.339239
13.6191, 13.1239, -0.457695, -0.036876, -0.00849576, 0.935138, 0.352257
14.0493, 12.7463, -0.528586, -0.0352025, -0.00641732, 0.930318, 0.365003
14.412, 12.4231, -0.645976, -0.0333395, -0.00332268, 0.926248, 0.375423
14.7786, 12.0927, -0.49006, -0.0385791, -0.00474556, 0.921769, 0.385786
15.2026, 11.6604, -0.29488, -0.0420794, -0.00815879, 0.915973, 0.398945
15.5358, 11.3145, -0.248287, -0.0425986, -0.00882662, 0.911462, 0.409078
15.8565, 10.9607, -0.415934, -0.0386181, -0.00572803, 0.907097, 0.419107
16.072, 10.7516, -0.195259, -0.0388255, -0.0117065, 0.904235, 0.425106
16.2966, 10.5209, -0.120382, -0.0381492, -0.0137727, 0.901205, 0.431492
16.4239, 10.4444, -0.0484746, -0.0420355, -0.0131159, 0.900114, 0.433423
16.5445, 10.3733, 0.253852, -0.0411619, -0.0224422, 0.898923, 0.43559
16.5317, 10.5256, 0.20988, -0.0524959, -0.0141762, 0.900665, 0.431098
16.5229, 10.6602, 0.298725, -0.0534874, -0.0163329, 0.902252, 0.427568
16.622, 10.6326, 0.0535263, -0.0498638, -0.0112074, 0.902186, 0.428308
16.711, 10.608, 0.173841, -0.0485025, -0.0153078, 0.90183, 0.429087
16.88, 10.4552, 0.200316, -0.0482636, -0.0156354, 0.899941, 0.43305
17.0973, 10.2179, 0.299413, -0.0471604, -0.0185683, 0.896993, 0.43913
17.4422, 9.75377, 0.216827, -0.0448169, -0.0169291, 0.891374, 0.450729
17.668, 9.46589, 0.498588, -0.0489722, -0.0221088, 0.887571, 0.457526
17.8729, 9.22466, 0.395279, -0.0491213, -0.0186258, 0.884739, 0.463117
18.1704, 8.78477, 0.29341, -0.0449799, -0.0179638, 0.879389, 0.473635
18.3674, 8.53598, 0.0908828, -0.0391735, -0.0155819, 0.876537, 0.479485
18.5574, 8.2917, -0.0931457, -0.0349565, -0.0125062, 0.873626, 0.485179
18.7386, 8.06451, -0.0295647, -0.0388336, -0.0108323, 0.870613, 0.490313
18.9397, 7.78477, 0.0739255, -0.0390423, -0.0133546, 0.866872, 0.496821
19.0725, 7.66375, 0.247509, -0.0446008, -0.0141551, 0.86503, 0.499533
19.23, 7.47639, 0.228276, -0.041264, -0.0160784, 0.862595, 0.503953
19.4877, 7.00877, 0.00226656, -0.0353543, -0.0135669, 0.856694, 0.514433
19.6971, 6.63274, -0.00667607, -0.0304747, -0.0169836, 0.851762, 0.522766
19.918, 6.19247, -0.122317, -0.0285164, -0.014529, 0.846079, 0.532097
20.1464, 5.68834, 0.0807314, -0.0311906, -0.0180074, 0.839293, 0.542485
20.4174, 4.94817, 0.242499, -0.0356622, -0.0186191, 0.829341, 0.557293
20.5729, 4.5852, 0.604703, -0.0435639, -0.0226917, 0.824209, 0.564151
20.7378, 4.17213, 0.614527, -0.044715, -0.0217339, 0.818702, 0.572062
20.9127, 3.63166, 0.668424, -0.0470932, -0.0207164, 0.81133, 0.58232
21.0778, 3.09918, 0.544291, -0.0458451, -0.0173133, 0.804192, 0.592346
21.2082, 2.72271, 0.461978, -0.0440211, -0.0157397, 0.79913, 0.599338
21.328, 2.40839, 0.379045, -0.0411964, -0.0152204, 0.794858, 0.605204
21.441, 2.16147, 0.154726, -0.038628, -0.0098866, 0.79159, 0.60975
21.5328, 2.05666, 0.250067, -0.041024, -0.0103258, 0.789983, 0.611667
21.6214, 1.96063, 0.295606, -0.0410923, -0.0117841, 0.788562, 0.613468
21.7301, 1.60864, 0.115655, -0.0350129, -0.0120359, 0.783758, 0.619961
21.8221, 1.36535, -0.271107, -0.0236776, -0.0112416, 0.780548, 0.624546
21.8982, 1.37224, -0.214139, -0.020037, -0.0168625, 0.780536, 0.624562
22.0023, 0.823162, -0.314114, -0.0226773, -0.0101993, 0.772957, 0.633971
22.0954, 0.345807, 0.0198047, -0.0259723, -0.0174665, 0.765981, 0.6421
22.1795, -0.11534, 0.0221305, -0.026387, -0.0169267, 0.759469, 0.649787
22.2582, -0.455953, -0.0155362, -0.0245724, -0.0178989, 0.754682, 0.655386
22.334, -0.560361, 0.0890146, -0.0276204, -0.0179465, 0.753302, 0.656849
22.4062, -0.658212, 0.00662517, -0.0281553, -0.0143218, 0.752133, 0.658254
22.4803, -0.507963, 0.11063, -0.0306175, -0.0147208, 0.754427, 0.655504
22.5539, -0.43893, 0.0724148, -0.0299596, -0.0138132, 0.755609, 0.654192
22.6306, -0.410211, -0.0295252, -0.0271134, -0.0133527, 0.756191, 0.653652
22.7093, -0.401012, -0.101945, -0.0233081, -0.0152594, 0.756388, 0.653529
22.7882, -0.0993335, 0.340535, -0.0340984, -0.0174775, 0.760487, 0.648221
22.8635, 0.0874988, 0.459026, -0.0350948, -0.0204906, 0.763073, 0.645033
22.9422, -0.0963115, 0.39504, -0.0306785, -0.0235574, 0.760614, 0.648051
23.0234, -0.020246, 0.242736, -0.0238326, -0.0264581, 0.761811, 0.64682
23.1053, -0.0177961, 0.0579262, -0.0232638, -0.0206518, 0.762146, 0.646658
23.1851, -0.21869, 0.123115, -0.0233354, -0.0223644, 0.759502, 0.649701
23.2646, -0.415079, 0.153905, -0.0249583, -0.0211558, 0.75703, 0.65256
23.3445, -0.552668, 0.291675, -0.0273135, -0.0228868, 0.75531, 0.654398
23.4268, -0.570407, 0.252484, -0.0300855, -0.0183671, 0.755396, 0.65432
23.5079, -0.424962, 0.24511, -0.0341976, -0.0131326, 0.757667, 0.651612
23.587, -0.289414, 0.0679536, -0.0334621, -0.00806052, 0.759868, 0.649166
23.6593, -0.229985, 0.200469, -0.035468, -0.00962641, 0.760777, 0.647973
23.7314, -0.23558, 0.349983, -0.0355304, -0.014046, 0.760732, 0.64794
23.8044, -0.140663, 0.517171, -0.0409004, -0.0127771, 0.761989, 0.646171
23.8676, -0.203042, 0.878363, -0.0427532, -0.0221808, 0.760945, 0.647026
23.9118, 0.194255, 1.4726, -0.0511293, -0.0315743, 0.765787, 0.640281
23.9916, 0.347607, 1.35247, -0.0467518, -0.0328078, 0.768085, 0.637795
24.0808, 0.593093, 0.950107, -0.038819, -0.0291896, 0.771783, 0.634028
24.1513, 0.769266, 0.887576, -0.0374427, -0.028427, 0.774252, 0.63113
24.2217, 0.944322, 0.833869, -0.0379198, -0.0257475, 0.776711, 0.628188
24.3006, 1.02552, 0.690033, -0.0361373, -0.022893, 0.778058, 0.626735
24.3855, 0.893872, 0.648412, -0.0356348, -0.0219753, 0.776635, 0.628558
24.4409, 1.12907, 0.989219, -0.0386475, -0.0289679, 0.779609, 0.624401
24.4958, 1.59297, 0.917104, -0.0433075, -0.0215494, 0.785673, 0.616747
24.5876, 1.50898, 0.674217, -0.0383796, -0.0195594, 0.784995, 0.618002
24.6431, 1.87915, 0.506657, -0.0381716, -0.0145753, 0.789852, 0.611934
24.6871, 2.28498, 0.349059, -0.0355337, -0.0125041, 0.795079, 0.605334
24.7303, 2.64311, 0.295515, -0.0336667, -0.0126949, 0.799544, 0.599529
24.7567, 3.09055, 0.335547, -0.0342459, -0.0131715, 0.804906, 0.592267
24.7269, 3.76271, 0.843285, -0.0441919, -0.0176055, 0.812391, 0.581169
24.6722, 4.52864, 0.875898, -0.0443295, -0.0188429, 0.821196, 0.568609
24.6486, 5.0625, 0.71021, -0.0452251, -0.0136475, 0.827326, 0.559733
24.6031, 5.6343, 0.531278, -0.0439187, -0.0102084, 0.833839, 0.550162
24.6252, 5.87264, 0.357763, -0.0436736, -0.00557011, 0.836591, 0.546055
24.6643, 6.02094, 0.382845, -0.0420042, -0.00755439, 0.838308, 0.543524
24.7173, 6.13233, 0.293537, -0.0412832, -0.00563217, 0.839691, 0.541464
24.7634, 6.27066, 0.22151, -0.0403238, -0.00463666, 0.841367, 0.538938
24.7999, 6.42902, 0.208384, -0.0407188, -0.00410753, 0.843182, 0.536068
24.8398, 6.55734, 0.161912, -0.0406588, -0.00301269, 0.844663, 0.533744
24.8538, 6.77847, -0.05756, -0.0385072, 0.000667963, 0.847217, 0.529848
24.799, 7.22344, 0.108719, -0.0399766, -0.00243406, 0.851827, 0.52229
24.6323, 8.00097, 0.245289, -0.0421948, -0.00424979, 0.859761, 0.508933
24.3625, 9.0079, 0.065643, -0.0394254, -0.00268207, 0.870059, 0.491362
24.0314, 10.0417, 0.224774, -0.0385821, -0.00812393, 0.88015, 0.473056
23.6668, 11.0203, 0.439798, -0.0411942, -0.0119971, 0.889375, 0.45516
23.2964, 11.9134, 0.483, -0.042333, -0.012711, 0.897705, 0.438375
22.7044, 13.1346, 0.295025, -0.0396041, -0.0110744, 0.909042, 0.41467
22.1744, 14.1239, -0.0625291, -0.0385554, -0.00411406, 0.918048, 0.394569
21.6748, 14.9741, -0.133124, -0.0377222, -0.00356028, 0.925534, 0.376764
21.2412, 15.6681, -0.25237, -0.0376635, -0.00132178, 0.931563, 0.361623
20.9624, 16.1154, -0.163099, -0.0416027, -0.0011497, 0.935264, 0.351496
20.614, 16.6236, 0.282501, -0.0492557, -0.0068216, 0.939133, 0.339936
20.0283, 17.3874, 0.356914, -0.0562942, -0.00516082, 0.945069, 0.321946
19.5322, 18.0049, 0.152253, -0.0574067, -0.000833235, 0.950026, 0.306845
18.7876, 18.8363, -0.0975187, -0.0541519, 0.00160485, 0.95671, 0.285955
17.7692, 19.8509, -0.166242, -0.0543778, 0.00184583, 0.964294, 0.259185
16.5694, 20.9127, -0.476806, -0.0486689, 0.00406424, 0.972158, 0.229179
15.1975, 21.9779, -0.703643, -0.0461356, 0.00609976, 0.979407, 0.196458
13.8252, 22.9177, -0.711114, -0.0465246, 0.00497554, 0.985175, 0.165047
12.3208, 23.8081, -0.826846, -0.0529233, 0.0079646, 0.989862, 0.131565
10.9449, 24.5135, -0.891207, -0.0547851, 0.00815624, 0.99324, 0.102008
9.69985, 25.0658, -0.983319, -0.0550094, 0.00859792, 0.995566, 0.0758154
8.22384, 25.6107, -1.2448, -0.0474804, 0.00992915, 0.997773, 0.045785
6.84307, 26.0202, -1.65327, -0.0421675, 0.0152317, 0.998834, 0.0179073
5.70027, 26.3012, -1.86909, -0.03668, 0.0172638, 0.999166, -0.00491481
4.74878, 26.4984, -1.9471, -0.0331761, 0.0174527, 0.99901, -0.0239537
3.87908, 26.6315, -2.20729, -0.0342919, 0.022074, 0.998295, -0.0417597
3.23896, 26.7203, -2.27357, -0.0358335, 0.0231392, 0.997568, -0.0551216
2.72401, 26.7737, -2.39638, -0.0338764, 0.0246737, 0.996946, -0.0659022
2.10899, 26.8172, -2.59401, -0.0341756, 0.0279908, 0.995923, -0.0786532
1.42054, 26.8591, -2.6796, -0.0324624, 0.0288757, 0.994763, -0.0925115
0.486244, 26.9019, -2.63796, -0.0323847, 0.0275942, 0.992917, -0.110934
-0.498643, 26.9063, -2.67239, -0.0291337, 0.0273732, 0.99069, -0.130138
-1.5665, 26.8676, -2.75067, -0.0322202, 0.0286273, 0.987547, -0.151303
-2.3418, 26.8443, -2.51499, -0.03572, 0.0240126, 0.985046, -0.166829
-3.18472, 26.7717, -2.47252, -0.0399343, 0.0228038, 0.981904, -0.18371
-4.00154, 26.6895, -2.22473, -0.04338, 0.0176825, 0.978713, -0.199818
-4.8881, 26.533, -2.36307, -0.0367653, 0.0192426, 0.975276, -0.217061
-5.68107, 26.3663, -2.42886, -0.0343762, 0.0199239, 0.971714, -0.232795
-6.16965, 26.2468, -2.41242, -0.0277588, 0.019275, 0.969516, -0.242686
-6.5568, 26.1221, -2.5567, -0.0293668, 0.0219018, 0.967193, -0.251389
-6.81841, 26.0424, -2.44911, -0.0290127, 0.01986, 0.965637, -0.257507
-7.23768, 25.907, -2.44313, -0.0371087, 0.0195243, 0.96274, -0.26716
-7.54582, 25.7727, -2.69294, -0.0373389, 0.0238965, 0.960548, -0.274558
-7.8408, 25.6382, -2.93758, -0.0421538, 0.0281952, 0.958076, -0.281989
-8.1006, 25.5298, -3.01919, -0.0424878, 0.0295293, 0.956136, -0.288318
-8.38169, 25.4095, -3.13602, -0.0456068, 0.0315858, 0.953783, -0.29533
-8.52801, 25.3544, -3.08263, -0.0426288, 0.0307225, 0.952713, -0.299295
-8.65477, 25.3175, -2.94179, -0.0468598, 0.0280379, 0.951342, -0.303261
-8.69632, 25.3313, -2.59104, -0.0462198, 0.0214268, 0.950976, -0.305039
-8.81732, 25.3062, -2.31217, -0.0441984, 0.0160975, 0.950135, -0.308272
-8.8745, 25.2965, -2.05135, -0.0389299, 0.0112859, 0.949815, -0.310174
-9.09297, 25.2028, -2.13349, -0.0373099, 0.0127746, 0.948062, -0.315632
-9.11736, 25.1505, -2.49053, -0.0317809, 0.0197613, 0.94751, -0.317529
-9.15446, 25.1169, -2.52675, -0.0291801, 0.0206516, 0.946899, -0.319539
-9.0824, 25.1114, -2.62957, -0.0283903, 0.0227809, 0.94682, -0.319697
-9.11563, 25.0795, -2.59769, -0.032433, 0.0220883, 0.945916, -0.32203
-9.26316, 24.985, -2.76077, -0.0307057, 0.0249766, 0.944415, -0.326363
-9.56348, 24.837, -2.8658, -0.0304839, 0.0267379, 0.941853, -0.333569
-9.94772, 24.6413, -3.05096, -0.0258951, 0.0301504, 0.938805, -0.342148
-10.4274, 24.4021, -3.18118, -0.0292873, 0.0323706, 0.934586, -0.35305
-10.851, 24.1981, -3.13477, -0.0286303, 0.0314993, 0.931001, -0.362527
-11.4735, 23.8609, -3.32892, -0.0300517, 0.0349181, 0.92533, -0.376353
-11.9313, 23.6244, -3.2343, -0.0344544, 0.0325681, 0.920888, -0.386934
-12.4511, 23.3304, -3.23389, -0.0389487, 0.0317969, 0.915639, -0.398844
-12.9005, 23.0544, -3.24901, -0.0367622, 0.0318717, 0.911233, -0.409007
-13.4415, 22.7288, -3.0987, -0.0332059, 0.0289638, 0.906102, -0.420759
-13.9762, 22.3795, -2.95644, -0.0320518, 0.0262035, 0.900594, -0.432686
-14.4367, 22.0343, -2.94377, -0.030461, 0.0260986, 0.895405, -0.443441
-14.881, 21.6867, -2.85952, -0.028275, 0.0246937, 0.890258, -0.453907
-15.2551, 21.3319, -3.06794, -0.0306906, 0.0281999, 0.885, -0.463721
-15.5278, 21.0461, -3.20795, -0.0339977, 0.0302179, 0.880697, -0.47149
-15.9085, 20.6599, -3.42722, -0.0303866, 0.0347342, 0.875361, -0.481263
-16.1251, 20.4249, -3.43053, -0.0244608, 0.0356631, 0.872265, -0.487118
-16.3918, 20.1536, -3.37255, -0.0236934, 0.0346854, 0.868254, -0.494339
-16.5467, 19.9724, -3.2817, -0.025808, 0.0327184, 0.865382, -0.499377
-16.8336, 19.6257, -3.51698, 0.0234793, -0.037819, -0.860488, 0.507523
-16.9394, 19.4594, -3.55964, 0.0279757, -0.0379186, -0.85771, 0.51197
-17.103, 19.2318, -3.65156, 0.029526, -0.0393446, -0.854215, 0.517587
-17.3753, 18.9104, -3.69108, 0.0285502, -0.0400836, -0.849447, 0.525374
-17.3824, 18.8746, -3.44893, 0.026975, -0.0355778, -0.848852, 0.526742
-17.5021, 18.7226, -3.23548, 0.024899, -0.0317969, -0.846593, 0.530706
-17.4907, 18.6387, -3.28494, 0.0211544, -0.0337316, -0.845735, 0.532116
-17.4814, 18.5966, -3.02341, 0.026125, -0.0278184, -0.844797, 0.533725
-17.6422, 18.2995, -3.31606, 0.024992, -0.0338774, -0.840784, 0.539731
-17.5867, 18.2276, -3.46015, 0.030555, -0.0356817, -0.839679, 0.541047
-17.5375, 18.1987, -3.3406, 0.030766, -0.0331586, -0.839362, 0.541688
-17.5161, 18.1082, -3.43344, 0.0277677, -0.0356341, -0.838452, 0.5431
-17.6106, 17.971, -3.16914, 0.0217069, -0.0314911, -0.836687, 0.546344
-17.6772, 17.8209, -3.14002, 0.0179985, -0.0318504, -0.8347, 0.549488
-17.6749, 17.7214, -3.223, 0.0172482, -0.0339636, -0.833348, 0.551435
-17.7038, 17.5691, -3.43282, 0.0189574, -0.0380376, -0.831087, 0.554516
-17.8829, 17.2451, -3.7208, 0.0207811, -0.0434797, -0.826176, 0.561347
-18.2145, 16.7666, -3.90782, 0.0232221, -0.0466283, -0.81873, 0.571811
-18.3503, 16.6101, -3.51482, 0.0221288, -0.0386504, -0.816092, 0.576204
-18.6007, 16.2814, -3.27466, 0.0212126, -0.0338996, -0.81091, 0.583803
-18.7025, 16.0788, -3.1789, 0.0203339, -0.0323132, -0.807879, 0.588111
-18.8055, 15.8793, -3.00165, 0.0228664, -0.0282314, -0.804666, 0.592615
-18.8471, 15.6581, -3.2885, 0.0235145, -0.0341771, -0.801611, 0.596405
-18.8609, 15.4961, -3.42429, 0.0282754, -0.0358339, -0.799082, 0.599486
-19.0273, 15.1854, -3.3931, 0.0279613, -0.0350851, -0.794368, 0.605777
-19.1582, 14.9119, -3.38032, 0.0214579, -0.0364152, -0.790653, 0.610804
-19.3706, 14.5402, -3.30255, 0.0206147, -0.035023, -0.784898, 0.618291
-19.5178, 14.2507, -3.18408, 0.0216401, -0.0324139, -0.780258, 0.624242
-19.7162, 13.8652, -3.13524, 0.0178083, -0.0326297, -0.774379, 0.631629
-19.7694, 13.6764, -3.09005, 0.0182504, -0.0317244, -0.771317, 0.635398
-19.844, 13.4224, -3.18525, 0.0217761, -0.0327721, -0.76705, 0.64038
-20.0947, 12.9453, -3.07862, 0.0189612, -0.0310064, -0.759426, 0.649578
-20.1881, 12.6651, -3.09318, 0.0217678, -0.0303988, -0.75473, 0.654969
-20.4022, 12.2171, -2.93636, 0.0207958, -0.0271917, -0.747457, 0.663428
-20.5076, 11.914, -2.84459, 0.0215958, -0.0250697, -0.742488, 0.669041
-20.5237, 11.7408, -2.78586, 0.0203887, -0.0243927, -0.739858, 0.672011
-20.5458, 11.4682, -3.05398, 0.0220401, -0.0299993, -0.735676, 0.67631
-20.5976, 11.1202, -3.34754, 0.0226479, -0.0363705, -0.730334, 0.681745
-20.6633, 10.8182, -3.3607, 0.0214322, -0.0370294, -0.725641, 0.686742
-20.6696, 10.6628, -3.2581, 0.0154537, -0.0367572, -0.723595, 0.689073
-20.7585, 10.3199, -3.23792, 0.0150952, -0.0365477, -0.718057, 0.69486
-20.8076, 10.0518, -3.19343, 0.014794, -0.0359283, -0.713718, 0.699354
-20.9099, 9.62922, -3.23694, 0.0121299, -0.0382137, -0.706949, 0.706127
-20.9662, 9.26156, -3.36425, 0.0149944, -0.0403395, -0.700712, 0.712145
-21.0595, 8.75788, -3.57111, 0.015368, -0.0450996, -0.692335, 0.720002
-21.1757, 8.32633, -3.38937, 0.0149046, -0.0409689, -0.684879, 0.727352
-21.2111, 8.0986, -3.15765, 0.0125794, -0.0364145, -0.681042, 0.73123
-21.2316, 7.84416, -3.06415, 0.0166383, -0.032747, -0.676405, 0.735613
-21.2067, 7.67235, -3.04689, 0.0138259, -0.0338061, -0.673796, 0.738014
-21.114, 7.62565, -3.16284, 0.0167349, -0.0357465, -0.673115, 0.738484
-20.9996, 7.49077, -3.61007, 0.0184605, -0.0460521, -0.671289, 0.739533
-20.8704, 7.42963, -3.94462, 0.0260299, -0.0511647, -0.670142, 0.740009
-20.8294, 7.32386, -3.87337, 0.0247685, -0.0500514, -0.668591, 0.74153
-20.8453, 7.12803, -3.66149, 0.0176978, -0.0479559, -0.665769, 0.744405
-20.83, 7.00833, -3.4697, 0.012985, -0.0455618, -0.664024, 0.746209
-20.7398, 7.08337, -3.32155, 0.0118546, -0.0427269, -0.665451, 0.745124
-20.6189, 7.09944, -3.4993, 0.0114493, -0.0476217, -0.666033, 0.744312
-20.5031, 7.08674, -3.70831, 0.0159817, -0.0511171, -0.665684, 0.744309
-20.4991, 6.76681, -3.87265, 0.0177436, -0.0545069, -0.659911, 0.749154
-20.4098, 6.75619, -3.92857, 0.0213514, -0.0545264, -0.659505, 0.749416
-20.4029, 6.68753, -3.63104, 0.0215535, -0.047098, -0.658006, 0.75123
-20.3885, 6.56767, -3.43295, 0.0177167, -0.0440826, -0.656028, 0.75324
-20.3444, 6.52746, -3.22531, 0.0157957, -0.0400062, -0.655357, 0.754093
-20.2766, 6.4656, -3.18188, 0.0130401, -0.0403986, -0.654556, 0.754821
-20.1616, 6.48698, -3.27498, 0.0193087, -0.0403584, -0.654714, 0.754551
-20.1207, 6.25799, -3.41401, 0.0194011, -0.043939, -0.650723, 0.757795
-20.0723, 6.10899, -3.44687, 0.019578, -0.0448324, -0.648086, 0.759994
-20.1149, 5.78701, -3.23015, 0.0131308, -0.0421367, -0.642465, 0.765043
-20.1453, 5.3541, -3.23819, 0.0134579, -0.0426344, -0.634317, 0.77178
-20.1602, 4.91325, -3.2881, 0.0148844, -0.0438508, -0.625838, 0.778577
-20.1713, 4.32926, -3.4767, 0.0146208, -0.0495036, -0.614721, 0.787054
-20.1147, 3.9623, -3.701, 0.0223087, -0.0520744, -0.606959, 0.792711
-20.1484, 3.33077, -3.63547, 0.0236782, -0.0495668, -0.59418, 0.802454
-20.129, 2.9113, -3.59138, 0.0226181, -0.0490091, -0.585827, 0.808637
-20.1117, 2.62233, -3.38207, 0.0225656, -0.0434464, -0.579813, 0.813277
-20.0613, 2.38907, -3.27485, 0.0208161, -0.041871, -0.575234, 0.816651
-19.98, 2.2999, -3.21455, 0.0222611, -0.0399346, -0.573375, 0.818016
-19.8857, 2.21316, -3.20987, 0.0198791, -0.0414541, -0.572065, 0.818919
-19.7695, 2.15738, -3.32082, 0.0195841, -0.0448765, -0.571285, 0.81929
-19.6433, 2.09617, -3.50881, 0.0187208, -0.0508584, -0.570495, 0.819511
-19.5687, 2.1286, -3.34234, 0.0149241, -0.0482101, -0.571568, 0.819001
-19.496, 1.85124, -3.33755, 0.0149284, -0.0486335, -0.565885, 0.822913
